 Sample   Time     Encoder 1 Pos   Encoder 3 Pos   Control Effort 1

[    0    0.000               0               0          0.0000;
     1    0.009               0               0          1.7005;
     2    0.018               0               0          1.7005;
     3    0.027               2              -0          1.7005;
     4    0.035               3              -2          1.7005;
     5    0.044               5              -4          1.7005;
     6    0.053               8              -6          1.7005;
     7    0.062              10              -8          1.7005;
     8    0.071              14             -11          1.7005;
     9    0.080              17             -14          1.7005;
    10    0.089              21             -17          1.7005;
    11    0.097              25             -21          1.7005;
    12    0.106              29             -25          1.7005;
    13    0.115              34             -29          1.7005;
    14    0.124              39             -33          1.7005;
    15    0.133              45             -38          1.7005;
    16    0.142              51             -43          1.7005;
    17    0.151              57             -49          1.7005;
    18    0.159              63             -54          1.7005;
    19    0.168              70             -60          1.7005;
    20    0.177              77             -67          1.7005;
    21    0.186              85             -73          1.7005;
    22    0.195              93             -80          1.7005;
    23    0.204             101             -87          1.7005;
    24    0.213             109             -94          1.7005;
    25    0.221             118            -102          1.7005;
    26    0.230             127            -110          1.7005;
    27    0.239             136            -118          1.7005;
    28    0.248             146            -126          1.7005;
    29    0.257             156            -135          1.7005;
    30    0.266             166            -144          1.7005;
    31    0.274             177            -153          1.7005;
    32    0.283             188            -162          1.7005;
    33    0.292             199            -172          1.7005;
    34    0.301             210            -182          1.7005;
    35    0.310             222            -192          1.7005;
    36    0.319             234            -203          1.7005;
    37    0.328             246            -213          1.7005;
    38    0.336             259            -224          1.7005;
    39    0.345             271            -236          1.7005;
    40    0.354             285            -247          1.7005;
    41    0.363             298            -259          1.7005;
    42    0.372             312            -270          1.7005;
    43    0.381             326            -283          1.7005;
    44    0.390             341            -295          1.7005;
    45    0.398             355            -308          1.7005;
    46    0.407             370            -321          1.7005;
    47    0.416             386            -334          1.7005;
    48    0.425             401            -347          1.7005;
    49    0.434             417            -361          1.7005;
    50    0.443             433            -375          1.7005;
    51    0.452             449            -389          1.7005;
    52    0.460             466            -404          1.7005;
    53    0.469             483            -418          1.7005;
    54    0.478             501            -433          1.7005;
    55    0.487             519            -448          1.7005;
    56    0.496             536            -464          1.7005;
    57    0.505             554            -479          1.7005;
    58    0.514             572            -495          1.7005;
    59    0.522             591            -511          1.7005;
    60    0.531             610            -528          1.7005;
    61    0.540             629            -544          1.7005;
    62    0.549             649            -561          1.7005;
    63    0.558             669            -578          1.7005;
    64    0.567             689            -595          1.7005;
    65    0.576             709            -613          1.7005;
    66    0.584             730            -631          1.7005;
    67    0.593             751            -649          1.7005;
    68    0.602             772            -667          1.7005;
    69    0.611             793            -685          1.7005;
    70    0.620             815            -704          1.7005;
    71    0.629             838            -723          1.7005;
    72    0.638             860            -742          1.7005;
    73    0.646             882            -761          1.7005;
    74    0.655             905            -781          1.7005;
    75    0.664             928            -800          1.7005;
    76    0.673             952            -821          1.7005;
    77    0.682             976            -841          1.7005;
    78    0.691            1000            -861          1.7005;
    79    0.699            1024            -882          1.7005;
    80    0.708            1049            -903          1.7005;
    81    0.717            1073            -924          1.7005;
    82    0.726            1099            -945          1.7005;
    83    0.735            1124            -967          1.7005;
    84    0.744            1150            -989          1.7005;
    85    0.753            1176           -1011          1.7005;
    86    0.761            1202           -1033          1.7005;
    87    0.770            1229           -1055          1.7005;
    88    0.779            1256           -1078          1.7005;
    89    0.788            1283           -1100          1.7005;
    90    0.797            1311           -1124          1.7005;
    91    0.806            1338           -1147          1.7005;
    92    0.815            1366           -1170          1.7005;
    93    0.823            1395           -1194          1.7005;
    94    0.832            1423           -1217          1.7005;
    95    0.841            1452           -1241          1.7005;
    96    0.850            1482           -1266          1.7005;
    97    0.859            1511           -1290          1.7005;
    98    0.868            1541           -1315          1.7005;
    99    0.877            1571           -1340          1.7005;
   100    0.885            1601           -1365          1.7005;
   101    0.894            1632           -1390          1.7005;
   102    0.903            1663           -1416          1.7005;
   103    0.912            1695           -1442          1.7005;
   104    0.921            1726           -1468          1.7005;
   105    0.930            1759           -1494          1.7005;
   106    0.939            1791           -1521          1.7005;
   107    0.947            1824           -1548          1.7005;
   108    0.956            1857           -1574          1.7005;
   109    0.965            1891           -1602          1.7005;
   110    0.974            1924           -1629          1.7005;
   111    0.983            1959           -1657          1.7005;
   112    0.992            1994           -1685          1.7005;
   113    1.001            2029           -1713          1.7005;
   114    1.009            2063           -1742          1.7005;
   115    1.018            2099           -1771          1.7005;
   116    1.027            2134           -1799          1.7005;
   117    1.036            2171           -1828          1.7005;
   118    1.045            2208           -1857          1.7005;
   119    1.054            2244           -1887          1.7005;
   120    1.063            2281           -1917          1.7005;
   121    1.071            2318           -1946          1.7005;
   122    1.080            2356           -1976          1.7005;
   123    1.089            2394           -2006          1.7005;
   124    1.098            2431           -2037          1.7005;
   125    1.107            2470           -2067          1.7005;
   126    1.116            2509           -2097          1.7005;
   127    1.124            2547           -2128          1.7005;
   128    1.133            2586           -2159          1.7005;
   129    1.142            2625           -2190          1.7005;
   130    1.151            2665           -2222          1.7005;
   131    1.160            2705           -2253          1.7005;
   132    1.169            2745           -2285          1.7005;
   133    1.178            2785           -2316          1.7005;
   134    1.186            2826           -2348          1.7005;
   135    1.195            2866           -2380          1.7005;
   136    1.204            2907           -2412          1.7005;
   137    1.213            2948           -2445          1.7005;
   138    1.222            2990           -2477          1.7005;
   139    1.231            3032           -2509          1.7005;
   140    1.240            3074           -2542          1.7005;
   141    1.248            3116           -2575          1.7005;
   142    1.257            3159           -2608          1.7005;
   143    1.266            3201           -2641          1.7005;
   144    1.275            3244           -2674          1.7005;
   145    1.284            3288           -2708          1.7005;
   146    1.293            3332           -2741          1.7005;
   147    1.302            3375           -2774          1.7005;
   148    1.310            3420           -2808          1.7005;
   149    1.319            3464           -2842          1.7005;
   150    1.328            3509           -2876          1.7005;
   151    1.337            3554           -2910          1.7005;
   152    1.346            3599           -2944          1.7005;
   153    1.355            3644           -2979          1.7005;
   154    1.364            3690           -3013          1.7005;
   155    1.372            3736           -3048          1.7005;
   156    1.381            3782           -3082          1.7005;
   157    1.390            3829           -3117          1.7005;
   158    1.399            3876           -3152          1.7005;
   159    1.408            3923           -3187          1.7005;
   160    1.417            3970           -3222          1.7005;
   161    1.426            4018           -3257          1.7005;
   162    1.434            4066           -3293          1.7005;
   163    1.443            4114           -3329          1.7005;
   164    1.452            4163           -3364          1.7005;
   165    1.461            4212           -3400          1.7005;
   166    1.470            4261           -3436          1.7005;
   167    1.479            4311           -3472          1.7005;
   168    1.488            4361           -3508          1.7005;
   169    1.496            4410           -3544          1.7005;
   170    1.505            4460           -3581          1.7005;
   171    1.514            4511           -3617          1.7005;
   172    1.523            4561           -3654          1.7005;
   173    1.532            4611           -3691          1.7005;
   174    1.541            4663           -3728          1.7005;
   175    1.549            4714           -3765          1.7005;
   176    1.558            4765           -3802          1.7005;
   177    1.567            4816           -3839          1.7005;
   178    1.576            4868           -3876          1.7005;
   179    1.585            4919           -3913          1.7005;
   180    1.594            4972           -3950          1.7005;
   181    1.603            5024           -3987          1.7005;
   182    1.611            5076           -4025          1.7005;
   183    1.620            5129           -4062          1.7005;
   184    1.629            5182           -4099          1.7005;
   185    1.638            5234           -4136          1.7005;
   186    1.647            5288           -4173          1.7005;
   187    1.656            5342           -4210          1.7005;
   188    1.665            5395           -4248          1.7005;
   189    1.673            5450           -4286          1.7005;
   190    1.682            5504           -4324          1.7005;
   191    1.691            5558           -4363          1.7005;
   192    1.700            5613           -4401          1.7005;
   193    1.709            5668           -4440          1.7005;
   194    1.718            5723           -4478          1.7005;
   195    1.727            5779           -4517          1.7005;
   196    1.735            5835           -4557          1.7005;
   197    1.744            5892           -4596          1.7005;
   198    1.753            5949           -4635          1.7005;
   199    1.762            6006           -4675          1.7005;
   200    1.771            6064           -4715          1.7005;
   201    1.780            6122           -4756          1.7005;
   202    1.789            6180           -4796          1.7005;
   203    1.797            6238           -4836          1.7005;
   204    1.806            6297           -4877          1.7005;
   205    1.815            6356           -4918          1.7005;
   206    1.824            6415           -4959          1.7005;
   207    1.833            6475           -5001          1.7005;
   208    1.842            6534           -5042          1.7005;
   209    1.851            6594           -5083          1.7005;
   210    1.859            6654           -5125          1.7005;
   211    1.868            6714           -5167          1.7005;
   212    1.877            6775           -5209          1.7005;
   213    1.886            6836           -5251          1.7005;
   214    1.895            6897           -5293          1.7005;
   215    1.904            6958           -5335          1.7005;
   216    1.913            7019           -5377          1.7005;
   217    1.921            7080           -5420          1.7005;
   218    1.930            7142           -5463          1.7005;
   219    1.939            7204           -5506          1.7005;
   220    1.948            7266           -5549          1.7005;
   221    1.957            7329           -5592          1.7005;
   222    1.966            7392           -5635          1.7005;
   223    1.974            7455           -5678          1.7005;
   224    1.983            7518           -5722          1.7005;
   225    1.992            7581           -5766          1.7005;
   226    2.001            7645           -5809          1.7005;
   227    2.010            7709           -5853          1.7005;
   228    2.019            7774           -5898          1.7005;
   229    2.028            7839           -5942          1.7005;
   230    2.036            7904           -5986          1.7005;
   231    2.045            7970           -6031          1.7005;
   232    2.054            8036           -6076          1.7005;
   233    2.063            8102           -6121          1.7005;
   234    2.072            8169           -6166          1.7005;
   235    2.081            8236           -6212          1.7005;
   236    2.090            8303           -6257          1.7005;
   237    2.098            8370           -6303          1.7005;
   238    2.107            8437           -6349          1.7005;
   239    2.116            8505           -6395          1.7005;
   240    2.125            8572           -6441          1.7005;
   241    2.134            8640           -6488          1.7005;
   242    2.143            8709           -6534          1.7005;
   243    2.152            8777           -6581          1.7005;
   244    2.160            8846           -6628          1.7005;
   245    2.169            8915           -6675          1.7005;
   246    2.178            8984           -6722          1.7005;
   247    2.187            9053           -6769          1.7005;
   248    2.196            9122           -6816          1.7005;
   249    2.205            9192           -6864          1.7005;
   250    2.214            9262           -6912          1.7005;
   251    2.222            9333           -6960          1.7005;
   252    2.231            9403           -7008          1.7005;
   253    2.240            9475           -7056          1.7005;
   254    2.249            9546           -7105          1.7005;
   255    2.258            9618           -7153          1.7005;
   256    2.267            9690           -7202          1.7005;
   257    2.276            9762           -7251          1.7005;
   258    2.284            9835           -7301          1.7005;
   259    2.293            9907           -7350          1.7005;
   260    2.302            9981           -7400          1.7005;
   261    2.311           10055           -7450          1.7005;
   262    2.320           10129           -7501          1.7005;
   263    2.329           10204           -7551          1.7005;
   264    2.338           10278           -7602          1.7005;
   265    2.346           10354           -7653          1.7005;
   266    2.355           10429           -7704          1.7005;
   267    2.364           10505           -7756          1.7005;
   268    2.373           10580           -7807          1.7005;
   269    2.382           10657           -7859          1.7005;
   270    2.391           10732           -7911          1.7005;
   271    2.399           10809           -7964          1.7005;
   272    2.408           10886           -8016          1.7005;
   273    2.417           10963           -8069          1.7005;
   274    2.426           11039           -8122          1.7005;
   275    2.435           11117           -8175          1.7005;
   276    2.444           11194           -8228          1.7005;
   277    2.453           11272           -8281          1.7005;
   278    2.461           11351           -8335          1.7005;
   279    2.470           11429           -8389          1.7005;
   280    2.479           11508           -8443          1.7005;
   281    2.488           11587           -8498          1.7005;
   282    2.497           11667           -8552          1.7005;
   283    2.506           11747           -8607          1.7005;
   284    2.515           11827           -8662          1.7005;
   285    2.523           11908           -8718          1.7005;
   286    2.532           11989           -8773          1.7005;
   287    2.541           12070           -8829          1.7005;
   288    2.550           12152           -8886          1.7005;
   289    2.559           12234           -8942          1.7005;
   290    2.568           12317           -8999          1.7005;
   291    2.577           12400           -9056          1.7005;
   292    2.585           12483           -9113          1.7005;
   293    2.594           12566           -9170          1.7005;
   294    2.603           12649           -9228          1.7005;
   295    2.612           12733           -9286          1.7005;
   296    2.621           12817           -9345          1.7005;
   297    2.630           12901           -9403          1.7005;
   298    2.639           12985           -9462          1.7005;
   299    2.647           13069           -9520          1.7005;
   300    2.656           13154           -9578          1.7005;
   301    2.665           13239           -9638          1.7005;
   302    2.674           13325           -9698          1.7005;
   303    2.683           13411           -9758          1.7005;
   304    2.692           13497           -9818          1.7005;
   305    2.701           13583           -9879          1.7005;
   306    2.709           13670           -9940          1.7005;
   307    2.718           13758          -10001          1.7005;
   308    2.727           13846          -10063          1.7005;
   309    2.736           13934          -10125          1.7005;
   310    2.745           14022          -10187          1.7005;
   311    2.754           14111          -10250          1.7005;
   312    2.763           14201          -10313          1.7005;
   313    2.771           14291          -10376          1.7005;
   314    2.780           14382          -10440          1.7005;
   315    2.789           14472          -10504          1.7005;
   316    2.798           14563          -10568          1.7005;
   317    2.807           14653          -10633          1.7005;
   318    2.816           14744          -10698          1.7005;
   319    2.824           14835          -10763          1.7005;
   320    2.833           14927          -10829          1.7005;
   321    2.842           15019          -10895          1.7005;
   322    2.851           15110          -10961          1.7005;
   323    2.860           15203          -11028          1.7005;
   324    2.869           15296          -11094          1.7005;
   325    2.878           15389          -11162          1.7005;
   326    2.886           15483          -11229          1.7005;
   327    2.895           15577          -11297          1.7005;
   328    2.904           15671          -11365          1.7005;
   329    2.913           15766          -11433          1.7005;
   330    2.922           15861          -11502          1.7005;
   331    2.931           15956          -11571          1.7005;
   332    2.940           16052          -11640          1.7005;
   333    2.948           16148          -11710          1.7005;
   334    2.957           16245          -11780          1.7005;
   335    2.966           16343          -11850          1.7005;
   336    2.975           16440          -11921          1.7005;
   337    2.984           16538          -11992          1.7005;
   338    2.993           16635          -12064          1.7005;
   339    3.002           16733          -12136          1.7005;
   340    3.010           16830          -12208          0.0000;
   341    3.019           16927          -12280          0.0000;
   342    3.028           17025          -12351          0.0000;
   343    3.037           17122          -12423          0.0000;
   344    3.046           17218          -12494          0.0000;
   345    3.055           17315          -12565          0.0000;
   346    3.064           17412          -12636          0.0000;
   347    3.072           17508          -12706          0.0000;
   348    3.081           17604          -12777          0.0000;
   349    3.090           17699          -12847          0.0000;
   350    3.099           17795          -12917          0.0000;
   351    3.108           17890          -12986          0.0000;
   352    3.117           17985          -13056          0.0000;
   353    3.126           18079          -13125          0.0000;
   354    3.134           18175          -13194          0.0000;
   355    3.143           18269          -13263          0.0000;
   356    3.152           18364          -13332          0.0000;
   357    3.161           18457          -13400          0.0000;
   358    3.170           18551          -13469          0.0000;
   359    3.179           18644          -13537          0.0000;
   360    3.188           18736          -13604          0.0000;
   361    3.196           18829          -13672          0.0000;
   362    3.205           18921          -13739          0.0000;
   363    3.214           19013          -13806          0.0000;
   364    3.223           19104          -13873          0.0000;
   365    3.232           19195          -13940          0.0000;
   366    3.241           19286          -14006          0.0000;
   367    3.249           19376          -14072          0.0000;
   368    3.258           19466          -14138          0.0000;
   369    3.267           19556          -14204          0.0000;
   370    3.276           19646          -14269          0.0000;
   371    3.285           19735          -14335          0.0000;
   372    3.294           19825          -14400          0.0000;
   373    3.303           19914          -14464          0.0000;
   374    3.311           20003          -14529          0.0000;
   375    3.320           20092          -14593          0.0000;
   376    3.329           20181          -14657          0.0000;
   377    3.338           20268          -14721          0.0000;
   378    3.347           20357          -14785          0.0000;
   379    3.356           20444          -14848          0.0000;
   380    3.365           20532          -14911          0.0000;
   381    3.373           20618          -14974          0.0000;
   382    3.382           20706          -15036          0.0000;
   383    3.391           20791          -15099          0.0000;
   384    3.400           20878          -15161          0.0000;
   385    3.409           20963          -15222          0.0000;
   386    3.418           21048          -15284          0.0000;
   387    3.427           21133          -15345          0.0000;
   388    3.435           21217          -15406          0.0000;
   389    3.444           21302          -15467          0.0000;
   390    3.453           21385          -15527          0.0000;
   391    3.462           21469          -15587          0.0000;
   392    3.471           21552          -15647          0.0000;
   393    3.480           21635          -15707          0.0000;
   394    3.489           21718          -15766          0.0000;
   395    3.497           21801          -15824          0.0000;
   396    3.506           21883          -15883          0.0000;
   397    3.515           21965          -15941          0.0000;
   398    3.524           22048          -15999          0.0000;
   399    3.533           22129          -16056          0.0000;
   400    3.542           22211          -16113          0.0000;
   401    3.551           22291          -16170          0.0000;
   402    3.559           22372          -16227          0.0000;
   403    3.568           22452          -16283          0.0000;
   404    3.577           22533          -16339          0.0000;
   405    3.586           22612          -16394          0.0000;
   406    3.595           22692          -16449          0.0000;
   407    3.604           22771          -16505          0.0000;
   408    3.613           22850          -16560          0.0000;
   409    3.621           22928          -16614          0.0000;
   410    3.630           23006          -16668          0.0000;
   411    3.639           23083          -16722          0.0000;
   412    3.648           23160          -16775          0.0000;
   413    3.657           23237          -16828          0.0000;
   414    3.666           23314          -16881          0.0000;
   415    3.674           23390          -16933          0.0000;
   416    3.683           23466          -16985          0.0000;
   417    3.692           23541          -17036          0.0000;
   418    3.701           23617          -17088          0.0000;
   419    3.710           23692          -17138          0.0000;
   420    3.719           23766          -17188          0.0000;
   421    3.728           23841          -17238          0.0000;
   422    3.736           23915          -17288          0.0000;
   423    3.745           23989          -17337          0.0000;
   424    3.754           24062          -17385          0.0000;
   425    3.763           24135          -17434          0.0000;
   426    3.772           24208          -17482          0.0000;
   427    3.781           24280          -17529          0.0000;
   428    3.790           24353          -17577          0.0000;
   429    3.798           24424          -17624          0.0000;
   430    3.807           24496          -17670          0.0000;
   431    3.816           24566          -17716          0.0000;
   432    3.825           24637          -17762          0.0000;
   433    3.834           24708          -17808          0.0000;
   434    3.843           24777          -17853          0.0000;
   435    3.852           24847          -17897          0.0000;
   436    3.860           24916          -17942          0.0000;
   437    3.869           24985          -17986          0.0000;
   438    3.878           25053          -18029          0.0000;
   439    3.887           25121          -18072          0.0000;
   440    3.896           25188          -18115          0.0000;
   441    3.905           25255          -18157          0.0000;
   442    3.914           25322          -18199          0.0000;
   443    3.922           25388          -18241          0.0000;
   444    3.931           25454          -18282          0.0000;
   445    3.940           25520          -18322          0.0000;
   446    3.949           25585          -18363          0.0000;
   447    3.958           25650          -18402          0.0000;
   448    3.967           25715          -18441          0.0000;
   449    3.976           25779          -18481          0.0000;
   450    3.984           25844          -18519          0.0000;
   451    3.993           25907          -18557          0.0000;
   452    4.002           25971          -18595          0.0000;
   453    4.011           26034          -18632          0.0000;
   454    4.020           26097          -18669          0.0000;
   455    4.029           26160          -18705          0.0000;
   456    4.038           26222          -18741          0.0000;
   457    4.046           26283          -18777          0.0000;
   458    4.055           26345          -18812          0.0000;
   459    4.064           26406          -18846          0.0000;
   460    4.073           26467          -18881          0.0000;
   461    4.082           26528          -18915          0.0000;
   462    4.091           26587          -18948          0.0000;
   463    4.099           26647          -18981          0.0000;
   464    4.108           26707          -19014          0.0000;
   465    4.117           26765          -19046          0.0000;
   466    4.126           26824          -19078          0.0000;
   467    4.135           26882          -19109          0.0000;
   468    4.144           26939          -19140          0.0000;
   469    4.153           26997          -19171          0.0000;
   470    4.161           27054          -19201          0.0000;
   471    4.170           27110          -19230          0.0000;
   472    4.179           27167          -19259          0.0000;
   473    4.188           27222          -19288          0.0000;
   474    4.197           27278          -19316          0.0000;
   475    4.206           27333          -19344          0.0000;
   476    4.215           27388          -19372          0.0000;
   477    4.223           27443          -19398          0.0000;
   478    4.232           27497          -19425          0.0000;
   479    4.241           27550          -19451          0.0000;
   480    4.250           27604          -19477          0.0000;
   481    4.259           27657          -19502          0.0000;
   482    4.268           27709          -19527          0.0000;
   483    4.277           27762          -19551          0.0000;
   484    4.285           27814          -19575          0.0000;
   485    4.294           27866          -19598          0.0000;
   486    4.303           27917          -19621          0.0000;
   487    4.312           27968          -19644          0.0000;
   488    4.321           28019          -19666          0.0000;
   489    4.330           28070          -19687          0.0000;
   490    4.339           28120          -19709          0.0000;
   491    4.347           28170          -19729          0.0000;
   492    4.356           28219          -19749          0.0000;
   493    4.365           28268          -19769          0.0000;
   494    4.374           28317          -19789          0.0000;
   495    4.383           28366          -19807          0.0000;
   496    4.392           28413          -19826          0.0000;
   497    4.401           28461          -19844          0.0000;
   498    4.409           28508          -19861          0.0000;
   499    4.418           28554          -19878          0.0000;
   500    4.427           28601          -19895          0.0000;
   501    4.436           28647          -19911          0.0000;
   502    4.445           28692          -19926          0.0000;
   503    4.454           28737          -19941          0.0000;
   504    4.463           28782          -19956          0.0000;
   505    4.471           28826          -19970          0.0000;
   506    4.480           28870          -19984          0.0000;
   507    4.489           28913          -19997          0.0000;
   508    4.498           28956          -20010          0.0000;
   509    4.507           29000          -20022          0.0000;
   510    4.516           29042          -20034          0.0000;
   511    4.524           29084          -20046          0.0000;
   512    4.533           29125          -20057          0.0000;
   513    4.542           29167          -20067          0.0000;
   514    4.551           29207          -20077          0.0000;
   515    4.560           29248          -20087          0.0000;
   516    4.569           29289          -20096          0.0000;
   517    4.578           29329          -20105          0.0000;
   518    4.586           29369          -20113          0.0000;
   519    4.595           29408          -20121          0.0000;
   520    4.604           29447          -20129          0.0000;
   521    4.613           29486          -20136          0.0000;
   522    4.622           29524          -20143          0.0000;
   523    4.631           29562          -20150          0.0000;
   524    4.640           29600          -20156          0.0000;
   525    4.648           29637          -20162          0.0000;
   526    4.657           29674          -20168          0.0000;
   527    4.666           29710          -20173          0.0000;
   528    4.675           29747          -20177          0.0000;
   529    4.684           29782          -20182          0.0000;
   530    4.693           29818          -20185          0.0000;
   531    4.702           29853          -20189          0.0000;
   532    4.710           29888          -20191          0.0000;
   533    4.719           29922          -20194          0.0000;
   534    4.728           29956          -20196          0.0000;
   535    4.737           29990          -20197          0.0000;
   536    4.746           30024          -20198          0.0000;
   537    4.755           30056          -20199          0.0000;
   538    4.764           30089          -20199          0.0000;
   539    4.772           30121          -20199          0.0000;
   540    4.781           30153          -20199          0.0000;
   541    4.790           30185          -20199          0.0000;
   542    4.799           30216          -20197          0.0000;
   543    4.808           30247          -20195          0.0000;
   544    4.817           30277          -20193          0.0000;
   545    4.826           30307          -20190          0.0000;
   546    4.834           30338          -20187          0.0000;
   547    4.843           30367          -20184          0.0000;
   548    4.852           30396          -20181          0.0000;
   549    4.861           30425          -20177          0.0000;
   550    4.870           30454          -20173          0.0000;
   551    4.879           30482          -20168          0.0000;
   552    4.888           30510          -20163          0.0000;
   553    4.896           30538          -20158          0.0000;
   554    4.905           30565          -20153          0.0000;
   555    4.914           30592          -20147          0.0000;
   556    4.923           30619          -20141          0.0000;
   557    4.932           30646          -20135          0.0000;
   558    4.941           30672          -20128          0.0000;
   559    4.949           30698          -20122          0.0000;
   560    4.958           30723          -20114          0.0000;
   561    4.967           30749          -20107          0.0000;
   562    4.976           30774          -20099          0.0000;
   563    4.985           30799          -20091          0.0000;
   564    4.994           30824          -20082          0.0000;
   565    5.003           30848          -20074          0.0000;
   566    5.011           30872          -20065          0.0000;
   567    5.020           30895          -20056          0.0000;
   568    5.029           30919          -20046          0.0000;
   569    5.038           30942          -20037          0.0000;
   570    5.047           30965          -20027          0.0000;
   571    5.056           30987          -20017          0.0000;
   572    5.065           31010          -20006          0.0000;
   573    5.073           31032          -19994          0.0000;
   574    5.082           31053          -19983          0.0000;
   575    5.091           31074          -19971          0.0000;
   576    5.100           31095          -19958          0.0000;
   577    5.109           31116          -19946          0.0000;
   578    5.118           31137          -19933          0.0000;
   579    5.127           31157          -19919          0.0000;
   580    5.135           31177          -19906          0.0000;
   581    5.144           31197          -19892          0.0000;
   582    5.153           31216          -19878          0.0000;
   583    5.162           31235          -19863          0.0000;
   584    5.171           31253          -19848          0.0000;
   585    5.180           31272          -19833          0.0000;
   586    5.189           31290          -19817          0.0000;
   587    5.197           31308          -19801          0.0000;
   588    5.206           31325          -19785          0.0000;
   589    5.215           31342          -19768          0.0000;
   590    5.224           31359          -19751          0.0000;
   591    5.233           31375          -19733          0.0000;
   592    5.242           31392          -19715          0.0000;
   593    5.251           31407          -19697          0.0000;
   594    5.259           31423          -19678          0.0000;
   595    5.268           31438          -19660          0.0000;
   596    5.277           31453          -19640          0.0000;
   597    5.286           31467          -19621          0.0000;
   598    5.295           31481          -19600          0.0000;
   599    5.304           31495          -19580          0.0000;
   600    5.313           31509          -19559          0.0000;
   601    5.321           31522          -19538          0.0000;
   602    5.330           31534          -19516          0.0000;
   603    5.339           31546          -19494          0.0000;
   604    5.348           31558          -19471          0.0000;
   605    5.357           31570          -19448          0.0000;
   606    5.366           31581          -19425          0.0000;
   607    5.374           31592          -19401          0.0000;
   608    5.383           31602          -19377          0.0000;
   609    5.392           31613          -19353          0.0000;
   610    5.401           31622          -19328          0.0000;
   611    5.410           31632          -19302          0.0000;
   612    5.419           31641          -19277          0.0000;
   613    5.428           31650          -19251          0.0000;
   614    5.436           31658          -19225          0.0000;
   615    5.445           31666          -19198          0.0000;
   616    5.454           31674          -19171          0.0000;
   617    5.463           31681          -19143          0.0000;
   618    5.472           31688          -19115          0.0000;
   619    5.481           31695          -19087          0.0000;
   620    5.490           31701          -19059          0.0000;
   621    5.498           31707          -19030          0.0000;
   622    5.507           31713          -19001          0.0000;
   623    5.516           31718          -18971          0.0000;
   624    5.525           31723          -18941          0.0000;
   625    5.534           31728          -18911          0.0000;
   626    5.543           31732          -18880          0.0000;
   627    5.552           31736          -18849          0.0000;
   628    5.560           31740          -18818          0.0000;
   629    5.569           31743          -18786          0.0000;
   630    5.578           31746          -18754          0.0000;
   631    5.587           31749          -18722          0.0000;
   632    5.596           31751          -18689          0.0000;
   633    5.605           31753          -18656          0.0000;
   634    5.614           31755          -18623          0.0000;
   635    5.622           31757          -18589          0.0000;
   636    5.631           31758          -18555          0.0000;
   637    5.640           31759          -18521          0.0000;
   638    5.649           31759          -18486          0.0000;
   639    5.658           31759          -18451          0.0000;
   640    5.667           31760          -18416          0.0000;
   641    5.676           31759          -18381          0.0000;
   642    5.684           31759          -18345          0.0000;
   643    5.693           31759          -18310          0.0000;
   644    5.702           31758          -18274          0.0000;
   645    5.711           31757          -18238          0.0000;
   646    5.720           31756          -18202          0.0000;
   647    5.729           31755          -18166          0.0000;
   648    5.738           31755          -18130          0.0000;
   649    5.746           31754          -18094          0.0000;
   650    5.755           31753          -18058          0.0000;
   651    5.764           31753          -18022          0.0000;
   652    5.773           31752          -17987          0.0000;
   653    5.782           31752          -17951          0.0000;
   654    5.791           31751          -17915          0.0000;
   655    5.799           31751          -17879          0.0000;
   656    5.808           31751          -17844          0.0000;
   657    5.817           31751          -17809          0.0000;
   658    5.826           31750          -17773          0.0000;
   659    5.835           31750          -17738          0.0000;
   660    5.844           31750          -17702          0.0000;
   661    5.853           31752          -17667          0.0000;
   662    5.861           31752          -17632          0.0000;
   663    5.870           31752          -17597          0.0000;
   664    5.879           31752          -17561          0.0000;
   665    5.888           31752          -17526          0.0000;
   666    5.897           31752          -17490          0.0000;
   667    5.906           31752          -17455          0.0000;
   668    5.915           31752          -17420          0.0000;
   669    5.923           31752          -17384          0.0000;
   670    5.932           31752          -17349          0.0000;
   671    5.941           31752          -17314          0.0000;
   672    5.950           31752          -17278          0.0000;
   673    5.959           31752          -17243          0.0000;
   674    5.968           31752          -17208          0.0000;
   675    5.977           31752          -17173          0.0000;
   676    5.985           31752          -17138          0.0000;
   677    5.994           31752          -17102          0.0000]
