 Sample   Time     Encoder 1 Pos   Encoder 3 Pos   Control Effort 1

[    0    0.000               0               0          0.0000;
     1    0.009               2               0          2.0006;
     2    0.018               2               0          2.0006;
     3    0.027               4               0          2.0006;
     4    0.035               6              -1          2.0006;
     5    0.044               8              -4          2.0006;
     6    0.053              11              -6          2.0006;
     7    0.062              14              -9          2.0006;
     8    0.071              18             -12          2.0006;
     9    0.080              22             -16          2.0006;
    10    0.089              27             -20          2.0006;
    11    0.097              32             -25          2.0006;
    12    0.106              37             -30          2.0006;
    13    0.115              44             -35          2.0006;
    14    0.124              50             -41          2.0006;
    15    0.133              57             -47          2.0006;
    16    0.142              64             -53          2.0006;
    17    0.151              72             -60          2.0006;
    18    0.159              80             -67          2.0006;
    19    0.168              89             -75          2.0006;
    20    0.177              98             -83          2.0006;
    21    0.186             108             -91          2.0006;
    22    0.195             118             -99          2.0006;
    23    0.204             128            -108          2.0006;
    24    0.213             139            -117          2.0006;
    25    0.221             150            -127          2.0006;
    26    0.230             161            -137          2.0006;
    27    0.239             173            -147          2.0006;
    28    0.248             185            -158          2.0006;
    29    0.257             198            -169          2.0006;
    30    0.266             211            -180          2.0006;
    31    0.274             225            -192          2.0006;
    32    0.283             239            -204          2.0006;
    33    0.292             253            -216          2.0006;
    34    0.301             268            -229          2.0006;
    35    0.310             283            -242          2.0006;
    36    0.319             299            -255          2.0006;
    37    0.328             315            -269          2.0006;
    38    0.336             331            -283          2.0006;
    39    0.345             347            -297          2.0006;
    40    0.354             365            -312          2.0006;
    41    0.363             382            -327          2.0006;
    42    0.372             400            -342          2.0006;
    43    0.381             419            -358          2.0006;
    44    0.390             437            -374          2.0006;
    45    0.398             457            -390          2.0006;
    46    0.407             476            -407          2.0006;
    47    0.416             496            -424          2.0006;
    48    0.425             516            -441          2.0006;
    49    0.434             536            -459          2.0006;
    50    0.443             557            -476          2.0006;
    51    0.452             579            -495          2.0006;
    52    0.460             601            -513          2.0006;
    53    0.469             623            -532          2.0006;
    54    0.478             645            -551          2.0006;
    55    0.487             668            -570          2.0006;
    56    0.496             691            -590          2.0006;
    57    0.505             715            -610          2.0006;
    58    0.514             739            -630          2.0006;
    59    0.522             763            -650          2.0006;
    60    0.531             788            -671          2.0006;
    61    0.540             812            -692          2.0006;
    62    0.549             837            -713          2.0006;
    63    0.558             863            -735          2.0006;
    64    0.567             889            -757          2.0006;
    65    0.576             916            -779          2.0006;
    66    0.584             942            -801          2.0006;
    67    0.593             970            -824          2.0006;
    68    0.602             997            -847          2.0006;
    69    0.611            1025            -870          2.0006;
    70    0.620            1053            -893          2.0006;
    71    0.629            1082            -917          2.0006;
    72    0.638            1111            -941          2.0006;
    73    0.646            1140            -966          2.0006;
    74    0.655            1170            -991          2.0006;
    75    0.664            1200           -1016          2.0006;
    76    0.673            1231           -1041          2.0006;
    77    0.682            1262           -1067          2.0006;
    78    0.691            1294           -1092          2.0006;
    79    0.699            1325           -1119          2.0006;
    80    0.708            1357           -1145          2.0006;
    81    0.717            1390           -1172          2.0006;
    82    0.726            1424           -1199          2.0006;
    83    0.735            1457           -1227          2.0006;
    84    0.744            1491           -1255          2.0006;
    85    0.753            1525           -1283          2.0006;
    86    0.761            1560           -1311          2.0006;
    87    0.770            1596           -1340          2.0006;
    88    0.779            1631           -1369          2.0006;
    89    0.788            1667           -1399          2.0006;
    90    0.797            1704           -1428          2.0006;
    91    0.806            1741           -1459          2.0006;
    92    0.815            1779           -1489          2.0006;
    93    0.823            1817           -1520          2.0006;
    94    0.832            1855           -1551          2.0006;
    95    0.841            1893           -1582          2.0006;
    96    0.850            1933           -1613          2.0006;
    97    0.859            1972           -1645          2.0006;
    98    0.868            2012           -1678          2.0006;
    99    0.877            2052           -1710          2.0006;
   100    0.885            2093           -1743          2.0006;
   101    0.894            2134           -1776          2.0006;
   102    0.903            2175           -1809          2.0006;
   103    0.912            2217           -1843          2.0006;
   104    0.921            2259           -1877          2.0006;
   105    0.930            2302           -1911          2.0006;
   106    0.939            2344           -1945          2.0006;
   107    0.947            2387           -1980          2.0006;
   108    0.956            2431           -2015          2.0006;
   109    0.965            2475           -2050          2.0006;
   110    0.974            2519           -2086          2.0006;
   111    0.983            2564           -2121          2.0006;
   112    0.992            2609           -2157          2.0006;
   113    1.001            2655           -2194          2.0006;
   114    1.009            2700           -2230          2.0006;
   115    1.018            2746           -2267          2.0006;
   116    1.027            2793           -2304          2.0006;
   117    1.036            2840           -2341          2.0006;
   118    1.045            2887           -2378          2.0006;
   119    1.054            2935           -2416          2.0006;
   120    1.063            2983           -2454          2.0006;
   121    1.071            3032           -2493          2.0006;
   122    1.080            3081           -2531          2.0006;
   123    1.089            3130           -2570          2.0006;
   124    1.098            3180           -2609          2.0006;
   125    1.107            3230           -2649          2.0006;
   126    1.116            3280           -2688          2.0006;
   127    1.124            3331           -2728          2.0006;
   128    1.133            3382           -2768          2.0006;
   129    1.142            3434           -2808          2.0006;
   130    1.151            3486           -2849          2.0006;
   131    1.160            3538           -2889          2.0006;
   132    1.169            3590           -2930          2.0006;
   133    1.178            3644           -2971          2.0006;
   134    1.186            3697           -3012          2.0006;
   135    1.195            3751           -3053          2.0006;
   136    1.204            3805           -3094          2.0006;
   137    1.213            3859           -3136          2.0006;
   138    1.222            3914           -3177          2.0006;
   139    1.231            3969           -3219          2.0006;
   140    1.240            4024           -3261          2.0006;
   141    1.248            4079           -3304          2.0006;
   142    1.257            4135           -3346          2.0006;
   143    1.266            4191           -3389          2.0006;
   144    1.275            4247           -3432          2.0006;
   145    1.284            4304           -3475          2.0006;
   146    1.293            4361           -3519          2.0006;
   147    1.302            4419           -3562          2.0006;
   148    1.310            4477           -3606          2.0006;
   149    1.319            4535           -3651          2.0006;
   150    1.328            4594           -3695          2.0006;
   151    1.337            4653           -3740          2.0006;
   152    1.346            4712           -3785          2.0006;
   153    1.355            4771           -3830          2.0006;
   154    1.364            4832           -3875          2.0006;
   155    1.372            4892           -3921          2.0006;
   156    1.381            4954           -3966          2.0006;
   157    1.390            5015           -4012          2.0006;
   158    1.399            5077           -4058          2.0006;
   159    1.408            5139           -4105          2.0006;
   160    1.417            5201           -4152          2.0006;
   161    1.426            5264           -4200          2.0006;
   162    1.434            5328           -4247          2.0006;
   163    1.443            5391           -4295          2.0006;
   164    1.452            5456           -4343          2.0006;
   165    1.461            5520           -4391          2.0006;
   166    1.470            5585           -4440          2.0006;
   167    1.479            5651           -4488          2.0006;
   168    1.488            5717           -4537          2.0006;
   169    1.496            5784           -4587          2.0006;
   170    1.505            5850           -4636          2.0006;
   171    1.514            5917           -4686          2.0006;
   172    1.523            5984           -4736          2.0006;
   173    1.532            6051           -4786          2.0006;
   174    1.541            6119           -4836          2.0006;
   175    1.549            6187           -4887          2.0006;
   176    1.558            6255           -4938          2.0006;
   177    1.567            6324           -4989          2.0006;
   178    1.576            6392           -5040          2.0006;
   179    1.585            6461           -5092          2.0006;
   180    1.594            6531           -5144          2.0006;
   181    1.603            6601           -5196          2.0006;
   182    1.611            6670           -5248          2.0006;
   183    1.620            6741           -5301          2.0006;
   184    1.629            6812           -5354          2.0006;
   185    1.638            6883           -5407          2.0006;
   186    1.647            6955           -5460          2.0006;
   187    1.656            7026           -5514          2.0006;
   188    1.665            7099           -5568          2.0006;
   189    1.673            7171           -5622          2.0006;
   190    1.682            7245           -5676          2.0006;
   191    1.691            7319           -5731          2.0006;
   192    1.700            7393           -5786          2.0006;
   193    1.709            7468           -5841          2.0006;
   194    1.718            7542           -5896          2.0006;
   195    1.727            7618           -5952          2.0006;
   196    1.735            7694           -6008          2.0006;
   197    1.744            7771           -6065          2.0006;
   198    1.753            7848           -6122          2.0006;
   199    1.762            7926           -6179          2.0006;
   200    1.771            8004           -6236          2.0006;
   201    1.780            8081           -6294          2.0006;
   202    1.789            8160           -6352          2.0006;
   203    1.797            8238           -6410          2.0006;
   204    1.806            8318           -6468          2.0006;
   205    1.815            8397           -6527          2.0006;
   206    1.824            8477           -6586          2.0006;
   207    1.833            8556           -6646          2.0006;
   208    1.842            8638           -6705          2.0006;
   209    1.851            8717           -6765          2.0006;
   210    1.859            8799           -6825          2.0006;
   211    1.868            8880           -6885          2.0006;
   212    1.877            8962           -6946          2.0006;
   213    1.886            9044           -7007          2.0006;
   214    1.895            9127           -7068          2.0006;
   215    1.904            9210           -7129          2.0006;
   216    1.913            9293           -7191          2.0006;
   217    1.921            9377           -7253          2.0006;
   218    1.930            9462           -7315          2.0006;
   219    1.939            9546           -7377          2.0006;
   220    1.948            9632           -7440          2.0006;
   221    1.957            9718           -7503          2.0006;
   222    1.966            9804           -7567          2.0006;
   223    1.974            9890           -7631          2.0006;
   224    1.983            9978           -7695          2.0006;
   225    1.992           10065           -7759          2.0006;
   226    2.001           10153           -7824          2.0006;
   227    2.010           10241           -7889          2.0006;
   228    2.019           10330           -7954          2.0006;
   229    2.028           10418           -8020          2.0006;
   230    2.036           10507           -8086          2.0006;
   231    2.045           10597           -8153          2.0006;
   232    2.054           10686           -8220          2.0006;
   233    2.063           10776           -8287          2.0006;
   234    2.072           10867           -8354          2.0006;
   235    2.081           10959           -8422          2.0006;
   236    2.090           11050           -8491          2.0006;
   237    2.098           11143           -8559          2.0006;
   238    2.107           11236           -8628          2.0006;
   239    2.116           11329           -8698          2.0006;
   240    2.125           11422           -8768          2.0006;
   241    2.134           11517           -8838          2.0006;
   242    2.143           11611           -8908          2.0006;
   243    2.152           11706           -8979          2.0006;
   244    2.160           11802           -9051          2.0006;
   245    2.169           11898           -9122          2.0006;
   246    2.178           11996           -9194          2.0006;
   247    2.187           12092           -9266          2.0006;
   248    2.196           12189           -9338          2.0006;
   249    2.205           12287           -9409          2.0006;
   250    2.214           12384           -9482          2.0006;
   251    2.222           12482           -9556          2.0006;
   252    2.231           12580           -9630          2.0006;
   253    2.240           12679           -9705          2.0006;
   254    2.249           12777           -9780          2.0006;
   255    2.258           12877           -9855          2.0006;
   256    2.267           12978           -9931          2.0006;
   257    2.276           13078          -10007          2.0006;
   258    2.284           13179          -10084          2.0006;
   259    2.293           13280          -10161          2.0006;
   260    2.302           13382          -10239          2.0006;
   261    2.311           13485          -10317          2.0006;
   262    2.320           13588          -10395          2.0006;
   263    2.329           13692          -10474          2.0006;
   264    2.338           13797          -10554          2.0006;
   265    2.346           13902          -10633          2.0006;
   266    2.355           14008          -10713          2.0006;
   267    2.364           14113          -10794          2.0006;
   268    2.373           14218          -10875          2.0006;
   269    2.382           14325          -10956          2.0006;
   270    2.391           14431          -11038          2.0006;
   271    2.399           14537          -11120          2.0006;
   272    2.408           14644          -11203          2.0006;
   273    2.417           14751          -11285          2.0006;
   274    2.426           14858          -11369          2.0006;
   275    2.435           14967          -11452          2.0006;
   276    2.444           15075          -11536          2.0006;
   277    2.453           15184          -11621          2.0006;
   278    2.461           15293          -11706          2.0006;
   279    2.470           15404          -11791          2.0006;
   280    2.479           15514          -11877          2.0006;
   281    2.488           15625          -11963          2.0006;
   282    2.497           15737          -12050          2.0006;
   283    2.506           15850          -12137          2.0006;
   284    2.515           15963          -12225          2.0006;
   285    2.523           16076          -12313          2.0006;
   286    2.532           16189          -12402          2.0006;
   287    2.541           16304          -12491          2.0006;
   288    2.550           16418          -12581          2.0006;
   289    2.559           16532          -12671          2.0006;
   290    2.568           16647          -12762          2.0006;
   291    2.577           16762          -12852          2.0006;
   292    2.585           16877          -12944          2.0006;
   293    2.594           16994          -13036          2.0006;
   294    2.603           17110          -13128          2.0006;
   295    2.612           17228          -13221          2.0006;
   296    2.621           17345          -13314          2.0006;
   297    2.630           17464          -13407          2.0006;
   298    2.639           17583          -13501          2.0006;
   299    2.647           17702          -13596          2.0006;
   300    2.656           17824          -13691          2.0006;
   301    2.665           17944          -13786          2.0006;
   302    2.674           18064          -13882          2.0006;
   303    2.683           18185          -13978          2.0006;
   304    2.692           18307          -14075          2.0006;
   305    2.701           18429          -14172          2.0006;
   306    2.709           18550          -14270          2.0006;
   307    2.718           18673          -14368          2.0006;
   308    2.727           18796          -14466          2.0006;
   309    2.736           18919          -14565          2.0006;
   310    2.745           19043          -14664          2.0006;
   311    2.754           19167          -14764          2.0006;
   312    2.763           19292          -14864          2.0006;
   313    2.771           19418          -14964          2.0006;
   314    2.780           19545          -15065          2.0006;
   315    2.789           19672          -15166          2.0006;
   316    2.798           19799          -15268          2.0006;
   317    2.807           19927          -15370          2.0006;
   318    2.816           20054          -15472          2.0006;
   319    2.824           20183          -15575          2.0006;
   320    2.833           20312          -15678          2.0006;
   321    2.842           20441          -15781          2.0006;
   322    2.851           20570          -15885          2.0006;
   323    2.860           20699          -15989          2.0006;
   324    2.869           20829          -16093          2.0006;
   325    2.878           20958          -16197          2.0006;
   326    2.886           21089          -16302          2.0006;
   327    2.895           21220          -16407          2.0006;
   328    2.904           21351          -16512          2.0006;
   329    2.913           21484          -16618          2.0006;
   330    2.922           21617          -16724          2.0006;
   331    2.931           21750          -16831          2.0006;
   332    2.940           21884          -16937          2.0006;
   333    2.948           22019          -17044          2.0006;
   334    2.957           22153          -17151          2.0006;
   335    2.966           22288          -17259          2.0006;
   336    2.975           22422          -17367          2.0006;
   337    2.984           22557          -17475          2.0006;
   338    2.993           22691          -17583          2.0006;
   339    3.002           22827          -17692          2.0006;
   340    3.010           22961          -17800          0.0000;
   341    3.019           23097          -17909          0.0000;
   342    3.028           23231          -18017          0.0000;
   343    3.037           23365          -18125          0.0000;
   344    3.046           23501          -18232          0.0000;
   345    3.055           23635          -18339          0.0000;
   346    3.064           23769          -18446          0.0000;
   347    3.072           23902          -18552          0.0000;
   348    3.081           24036          -18657          0.0000;
   349    3.090           24170          -18762          0.0000;
   350    3.099           24302          -18867          0.0000;
   351    3.108           24434          -18971          0.0000;
   352    3.117           24565          -19075          0.0000;
   353    3.126           24695          -19178          0.0000;
   354    3.134           24827          -19281          0.0000;
   355    3.143           24956          -19384          0.0000;
   356    3.152           25087          -19486          0.0000;
   357    3.161           25216          -19587          0.0000;
   358    3.170           25345          -19688          0.0000;
   359    3.179           25475          -19789          0.0000;
   360    3.188           25603          -19889          0.0000;
   361    3.196           25732          -19988          0.0000;
   362    3.205           25861          -20087          0.0000;
   363    3.214           25989          -20185          0.0000;
   364    3.223           26116          -20283          0.0000;
   365    3.232           26242          -20381          0.0000;
   366    3.241           26369          -20479          0.0000;
   367    3.249           26495          -20576          0.0000;
   368    3.258           26620          -20673          0.0000;
   369    3.267           26745          -20768          0.0000;
   370    3.276           26869          -20864          0.0000;
   371    3.285           26993          -20960          0.0000;
   372    3.294           27117          -21055          0.0000;
   373    3.303           27241          -21149          0.0000;
   374    3.311           27364          -21243          0.0000;
   375    3.320           27488          -21336          0.0000;
   376    3.329           27610          -21430          0.0000;
   377    3.338           27733          -21523          0.0000;
   378    3.347           27856          -21615          0.0000;
   379    3.356           27978          -21707          0.0000;
   380    3.365           28101          -21799          0.0000;
   381    3.373           28221          -21890          0.0000;
   382    3.382           28341          -21981          0.0000;
   383    3.391           28461          -22071          0.0000;
   384    3.400           28581          -22160          0.0000;
   385    3.409           28700          -22250          0.0000;
   386    3.418           28819          -22338          0.0000;
   387    3.427           28937          -22426          0.0000;
   388    3.435           29055          -22514          0.0000;
   389    3.444           29172          -22601          0.0000;
   390    3.453           29289          -22688          0.0000;
   391    3.462           29406          -22775          0.0000;
   392    3.471           29522          -22861          0.0000;
   393    3.480           29639          -22946          0.0000;
   394    3.489           29756          -23032          0.0000;
   395    3.497           29872          -23117          0.0000;
   396    3.506           29988          -23201          0.0000;
   397    3.515           30103          -23286          0.0000;
   398    3.524           30217          -23369          0.0000;
   399    3.533           30333          -23453          0.0000;
   400    3.542           30447          -23536          0.0000;
   401    3.551           30560          -23618          0.0000;
   402    3.559           30673          -23701          0.0000;
   403    3.568           30786          -23782          0.0000;
   404    3.577           30898          -23864          0.0000;
   405    3.586           31010          -23945          0.0000;
   406    3.595           31122          -24025          0.0000;
   407    3.604           31233          -24105          0.0000;
   408    3.613           31343          -24185          0.0000;
   409    3.621           31454          -24265          0.0000;
   410    3.630           31565          -24344          0.0000;
   411    3.639           31676          -24423          0.0000;
   412    3.648           31785          -24501          0.0000;
   413    3.657           31895          -24579          0.0000;
   414    3.666           32005          -24657          0.0000;
   415    3.674           32114          -24734          0.0000;
   416    3.683           32222          -24812          0.0000;
   417    3.692           32332          -24888          0.0000;
   418    3.701           32439          -24965          0.0000;
   419    3.710           32547          -25042          0.0000;
   420    3.719           32654          -25117          0.0000;
   421    3.728           32760          -25193          0.0000;
   422    3.736           32867          -25269          0.0000;
   423    3.745           32974          -25343          0.0000;
   424    3.754           33079          -25416          0.0000;
   425    3.763           33185          -25491          0.0000;
   426    3.772           33291          -25566          0.0000;
   427    3.781           33396          -25640          0.0000;
   428    3.790           33501          -25714          0.0000;
   429    3.798           33606          -25788          0.0000;
   430    3.807           33711          -25861          0.0000;
   431    3.816           33817          -25935          0.0000;
   432    3.825           33920          -26008          0.0000;
   433    3.834           34024          -26080          0.0000;
   434    3.843           34128          -26153          0.0000;
   435    3.852           34231          -26225          0.0000;
   436    3.860           34334          -26297          0.0000;
   437    3.869           34436          -26369          0.0000;
   438    3.878           34538          -26440          0.0000;
   439    3.887           34640          -26511          0.0000;
   440    3.896           34740          -26582          0.0000;
   441    3.905           34841          -26653          0.0000;
   442    3.914           34941          -26723          0.0000;
   443    3.922           35042          -26793          0.0000;
   444    3.931           35142          -26863          0.0000;
   445    3.940           35242          -26933          0.0000;
   446    3.949           35341          -27002          0.0000;
   447    3.958           35441          -27071          0.0000;
   448    3.967           35540          -27140          0.0000;
   449    3.976           35639          -27209          0.0000;
   450    3.984           35738          -27277          0.0000;
   451    3.993           35837          -27346          0.0000;
   452    4.002           35935          -27414          0.0000;
   453    4.011           36033          -27482          0.0000;
   454    4.020           36132          -27549          0.0000;
   455    4.029           36229          -27617          0.0000;
   456    4.038           36327          -27684          0.0000;
   457    4.046           36423          -27751          0.0000;
   458    4.055           36519          -27818          0.0000;
   459    4.064           36615          -27884          0.0000;
   460    4.073           36710          -27951          0.0000;
   461    4.082           36805          -28017          0.0000;
   462    4.091           36900          -28082          0.0000;
   463    4.099           36995          -28148          0.0000;
   464    4.108           37090          -28213          0.0000;
   465    4.117           37183          -28278          0.0000;
   466    4.126           37277          -28342          0.0000;
   467    4.135           37371          -28407          0.0000;
   468    4.144           37465          -28471          0.0000;
   469    4.153           37558          -28535          0.0000;
   470    4.161           37651          -28599          0.0000;
   471    4.170           37744          -28663          0.0000;
   472    4.179           37837          -28726          0.0000;
   473    4.188           37929          -28789          0.0000;
   474    4.197           38022          -28852          0.0000;
   475    4.206           38114          -28915          0.0000;
   476    4.215           38206          -28978          0.0000;
   477    4.223           38297          -29040          0.0000;
   478    4.232           38388          -29103          0.0000;
   479    4.241           38479          -29165          0.0000;
   480    4.250           38569          -29227          0.0000;
   481    4.259           38659          -29289          0.0000;
   482    4.268           38748          -29350          0.0000;
   483    4.277           38838          -29411          0.0000;
   484    4.285           38927          -29472          0.0000;
   485    4.294           39016          -29533          0.0000;
   486    4.303           39105          -29593          0.0000;
   487    4.312           39193          -29653          0.0000;
   488    4.321           39281          -29713          0.0000;
   489    4.330           39369          -29772          0.0000;
   490    4.339           39457          -29832          0.0000;
   491    4.347           39543          -29891          0.0000;
   492    4.356           39631          -29950          0.0000;
   493    4.365           39717          -30008          0.0000;
   494    4.374           39805          -30067          0.0000;
   495    4.383           39890          -30125          0.0000;
   496    4.392           39977          -30183          0.0000;
   497    4.401           40063          -30241          0.0000;
   498    4.409           40149          -30298          0.0000;
   499    4.418           40233          -30355          0.0000;
   500    4.427           40319          -30412          0.0000;
   501    4.436           40402          -30469          0.0000;
   502    4.445           40487          -30526          0.0000;
   503    4.454           40570          -30582          0.0000;
   504    4.463           40654          -30638          0.0000;
   505    4.471           40737          -30694          0.0000;
   506    4.480           40820          -30750          0.0000;
   507    4.489           40902          -30805          0.0000;
   508    4.498           40985          -30860          0.0000;
   509    4.507           41067          -30915          0.0000;
   510    4.516           41148          -30970          0.0000;
   511    4.524           41230          -31024          0.0000;
   512    4.533           41312          -31078          0.0000;
   513    4.542           41393          -31132          0.0000;
   514    4.551           41474          -31186          0.0000;
   515    4.560           41555          -31239          0.0000;
   516    4.569           41635          -31292          0.0000;
   517    4.578           41716          -31345          0.0000;
   518    4.586           41796          -31398          0.0000;
   519    4.595           41875          -31450          0.0000;
   520    4.604           41956          -31503          0.0000;
   521    4.613           42034          -31554          0.0000;
   522    4.622           42114          -31606          0.0000;
   523    4.631           42192          -31657          0.0000;
   524    4.640           42270          -31708          0.0000;
   525    4.648           42347          -31759          0.0000;
   526    4.657           42425          -31809          0.0000;
   527    4.666           42501          -31859          0.0000;
   528    4.675           42578          -31908          0.0000;
   529    4.684           42654          -31957          0.0000;
   530    4.693           42730          -32006          0.0000;
   531    4.702           42805          -32055          0.0000;
   532    4.710           42880          -32103          0.0000;
   533    4.719           42955          -32151          0.0000;
   534    4.728           43029          -32198          0.0000;
   535    4.737           43103          -32245          0.0000;
   536    4.746           43176          -32292          0.0000;
   537    4.755           43250          -32338          0.0000;
   538    4.764           43323          -32384          0.0000;
   539    4.772           43396          -32430          0.0000;
   540    4.781           43469          -32476          0.0000;
   541    4.790           43542          -32521          0.0000;
   542    4.799           43614          -32566          0.0000;
   543    4.808           43686          -32611          0.0000;
   544    4.817           43757          -32655          0.0000;
   545    4.826           43829          -32699          0.0000;
   546    4.834           43900          -32743          0.0000;
   547    4.843           43971          -32786          0.0000;
   548    4.852           44041          -32828          0.0000;
   549    4.861           44112          -32871          0.0000;
   550    4.870           44181          -32913          0.0000;
   551    4.879           44251          -32955          0.0000;
   552    4.888           44321          -32996          0.0000;
   553    4.896           44389          -33038          0.0000;
   554    4.905           44458          -33079          0.0000;
   555    4.914           44525          -33119          0.0000;
   556    4.923           44593          -33159          0.0000;
   557    4.932           44660          -33199          0.0000;
   558    4.941           44727          -33238          0.0000;
   559    4.949           44793          -33277          0.0000;
   560    4.958           44859          -33316          0.0000;
   561    4.967           44925          -33354          0.0000;
   562    4.976           44990          -33392          0.0000;
   563    4.985           45056          -33429          0.0000;
   564    4.994           45120          -33466          0.0000;
   565    5.003           45184          -33503          0.0000;
   566    5.011           45248          -33539          0.0000;
   567    5.020           45312          -33575          0.0000;
   568    5.029           45375          -33610          0.0000;
   569    5.038           45438          -33644          0.0000;
   570    5.047           45501          -33679          0.0000;
   571    5.056           45563          -33713          0.0000;
   572    5.065           45626          -33747          0.0000;
   573    5.073           45687          -33780          0.0000;
   574    5.082           45748          -33812          0.0000;
   575    5.091           45810          -33845          0.0000;
   576    5.100           45870          -33877          0.0000;
   577    5.109           45930          -33909          0.0000;
   578    5.118           45990          -33940          0.0000;
   579    5.127           46050          -33971          0.0000;
   580    5.135           46109          -34001          0.0000;
   581    5.144           46168          -34031          0.0000;
   582    5.153           46226          -34061          0.0000;
   583    5.162           46285          -34091          0.0000;
   584    5.171           46343          -34119          0.0000;
   585    5.180           46400          -34148          0.0000;
   586    5.189           46458          -34176          0.0000;
   587    5.197           46515          -34204          0.0000;
   588    5.206           46571          -34232          0.0000;
   589    5.215           46628          -34259          0.0000;
   590    5.224           46683          -34285          0.0000;
   591    5.233           46738          -34312          0.0000;
   592    5.242           46793          -34338          0.0000;
   593    5.251           46848          -34363          0.0000;
   594    5.259           46902          -34388          0.0000;
   595    5.268           46956          -34412          0.0000;
   596    5.277           47010          -34436          0.0000;
   597    5.286           47063          -34460          0.0000;
   598    5.295           47116          -34483          0.0000;
   599    5.304           47168          -34505          0.0000;
   600    5.313           47221          -34528          0.0000;
   601    5.321           47272          -34549          0.0000;
   602    5.330           47324          -34571          0.0000;
   603    5.339           47375          -34591          0.0000;
   604    5.348           47425          -34611          0.0000;
   605    5.357           47476          -34631          0.0000;
   606    5.366           47526          -34651          0.0000;
   607    5.374           47575          -34669          0.0000;
   608    5.383           47625          -34688          0.0000;
   609    5.392           47673          -34706          0.0000;
   610    5.401           47722          -34723          0.0000;
   611    5.410           47770          -34740          0.0000;
   612    5.419           47818          -34757          0.0000;
   613    5.428           47865          -34773          0.0000;
   614    5.436           47912          -34789          0.0000;
   615    5.445           47959          -34804          0.0000;
   616    5.454           48005          -34819          0.0000;
   617    5.463           48051          -34833          0.0000;
   618    5.472           48096          -34847          0.0000;
   619    5.481           48142          -34860          0.0000;
   620    5.490           48186          -34873          0.0000;
   621    5.498           48230          -34886          0.0000;
   622    5.507           48274          -34898          0.0000;
   623    5.516           48318          -34909          0.0000;
   624    5.525           48360          -34920          0.0000;
   625    5.534           48403          -34931          0.0000;
   626    5.543           48446          -34941          0.0000;
   627    5.552           48488          -34951          0.0000;
   628    5.560           48529          -34960          0.0000;
   629    5.569           48570          -34969          0.0000;
   630    5.578           48611          -34978          0.0000;
   631    5.587           48651          -34985          0.0000;
   632    5.596           48691          -34993          0.0000;
   633    5.605           48731          -35000          0.0000;
   634    5.614           48770          -35007          0.0000;
   635    5.622           48809          -35012          0.0000;
   636    5.631           48847          -35018          0.0000;
   637    5.640           48885          -35023          0.0000;
   638    5.649           48923          -35028          0.0000;
   639    5.658           48960          -35032          0.0000;
   640    5.667           48997          -35036          0.0000;
   641    5.676           49034          -35040          0.0000;
   642    5.684           49071          -35043          0.0000;
   643    5.693           49107          -35045          0.0000;
   644    5.702           49142          -35047          0.0000;
   645    5.711           49177          -35049          0.0000;
   646    5.720           49213          -35050          0.0000;
   647    5.729           49248          -35051          0.0000;
   648    5.738           49282          -35052          0.0000;
   649    5.746           49316          -35052          0.0000;
   650    5.755           49349          -35052          0.0000;
   651    5.764           49383          -35052          0.0000;
   652    5.773           49416          -35052          0.0000;
   653    5.782           49449          -35050          0.0000;
   654    5.791           49482          -35048          0.0000;
   655    5.799           49514          -35046          0.0000;
   656    5.808           49546          -35043          0.0000;
   657    5.817           49578          -35040          0.0000;
   658    5.826           49610          -35037          0.0000;
   659    5.835           49641          -35033          0.0000;
   660    5.844           49671          -35029          0.0000;
   661    5.853           49702          -35025          0.0000;
   662    5.861           49733          -35021          0.0000;
   663    5.870           49763          -35016          0.0000;
   664    5.879           49793          -35010          0.0000;
   665    5.888           49822          -35005          0.0000;
   666    5.897           49851          -34999          0.0000;
   667    5.906           49880          -34993          0.0000;
   668    5.915           49908          -34986          0.0000;
   669    5.923           49937          -34979          0.0000;
   670    5.932           49965          -34972          0.0000;
   671    5.941           49992          -34964          0.0000;
   672    5.950           50019          -34956          0.0000;
   673    5.959           50046          -34947          0.0000;
   674    5.968           50073          -34938          0.0000;
   675    5.977           50100          -34929          0.0000;
   676    5.985           50126          -34920          0.0000;
   677    5.994           50152          -34910          0.0000]
