0,4.5503
0.00208,4.5503
0.004136,4.5552
0.006748,4.5552
0.00972,4.5552
0.01176,4.5552
0.0138,4.5552
0.01584,4.5552
0.01788,4.5552
0.01992,4.5552
0.02196,4.5552
0.024,4.5552
0.02604,4.5552
0.02808,4.5552
0.03012,4.5552
0.03216,4.5552
0.0342,4.5552
0.03624,4.5552
0.03828,4.5552
0.04032,4.5552
0.04236,4.5552
0.0444,4.5552
0.04644,4.5552
0.04848,4.5552
0.05052,4.5552
0.05256,4.5552
0.0546,4.5552
0.05664,4.5552
0.05868,4.5552
0.06072,4.5552
0.06276,4.5552
0.0648,4.5552
0.06684,4.5552
0.06888,4.5552
0.07092,4.5552
0.07296,4.5552
0.075,4.5552
0.07704,4.5552
0.07908,4.5552
0.08112,4.5552
0.08316,4.5552
0.0852,4.5552
0.08724,4.5552
0.08928,4.5552
0.09132,4.5552
0.09336,4.5552
0.0954,4.5552
0.09744,4.5552
0.099568,4.5552
0.10178,4.5552
0.10399,4.5552
0.1062,4.5552
0.10841,4.5552
0.11062,4.5552
0.11283,4.5552
0.11504,4.5552
0.11725,4.5552
0.11946,4.5552
0.12167,4.5552
0.12388,4.5552
0.12609,4.5552
0.1283,4.5552
0.13051,4.5552
0.13272,4.5552
0.13493,4.5552
0.13714,4.5552
0.13935,4.5552
0.14156,4.5552
0.14377,4.5552
0.14598,4.5552
0.14819,4.5552
0.1504,4.5552
0.15261,4.5552
0.15482,4.5552
0.15703,4.5552
0.15924,4.5552
0.16145,4.5552
0.16366,4.5552
0.16587,4.5552
0.16808,4.5552
0.17029,4.5552
0.1725,4.5552
0.17471,4.5552
0.17692,4.5552
0.17913,4.5552
0.18134,4.5552
0.18355,4.5552
0.18576,4.5552
0.18797,4.5552
0.19018,4.5552
0.19239,4.5552
0.1946,4.5552
0.19681,4.5552
0.19902,4.5552
0.20123,4.5552
0.20344,4.5552
0.20565,4.5552
0.20786,4.5552
0.21007,4.5552
0.21228,4.5552
0.21449,4.5552
0.2167,4.5552
0.21891,4.5552
0.22112,4.5552
0.22333,4.5552
0.22554,4.5552
0.22775,4.5552
0.22996,4.5552
0.23217,4.5552
0.23438,4.5552
0.23659,4.5552
0.2388,4.5552
0.24101,4.5552
0.24322,4.5552
0.24543,4.5552
0.24764,4.5552
0.24985,4.5552
0.25206,4.5552
0.25427,4.5552
0.25648,4.5552
0.25869,4.5552
0.2609,4.5552
0.26311,4.5552
0.26532,4.5552
0.26753,4.5552
0.26974,4.5552
0.27195,4.5552
0.27416,4.5552
0.27637,4.5552
0.27858,4.5552
0.28079,4.5552
0.283,4.5552
0.28521,4.5552
0.28742,4.5552
0.28963,4.5552
0.29184,4.5552
0.29405,4.5552
0.29626,4.5552
0.29847,4.5552
0.30068,4.5552
0.30289,4.5552
0.3051,4.5552
0.30731,4.5552
0.30952,4.5552
0.31173,4.5552
0.31394,4.5552
0.31615,4.5552
0.31836,4.5552
0.32057,4.5552
0.32278,4.5552
0.32499,4.5552
0.3272,4.5552
0.32941,4.5552
0.33162,4.5552
0.33383,4.5552
0.33604,4.5552
0.33825,4.5552
0.34046,4.5552
0.34267,4.5552
0.34488,4.5552
0.34709,4.5552
0.3493,4.5552
0.35151,4.5552
0.35372,4.5552
0.35593,4.5552
0.35814,4.5552
0.36035,4.5552
0.36256,4.5552
0.36477,4.5552
0.36698,4.5552
0.36919,4.5552
0.3714,4.5552
0.37361,4.5552
0.37582,4.5552
0.37803,4.5552
0.38024,4.5552
0.38245,4.5552
0.38466,4.5552
0.38687,4.5552
0.38908,4.5552
0.39129,4.5552
0.3935,4.5552
0.39571,4.5552
0.39792,4.5552
0.40013,4.5552
0.40234,4.5552
0.40455,4.5552
0.40676,4.5552
0.40897,4.5552
0.41118,4.5552
0.41339,4.5552
0.4156,4.5552
0.41781,4.5552
0.42002,4.5552
0.42223,4.5552
0.42444,4.5552
0.42665,4.5552
0.42886,4.5552
0.43107,4.5552
0.43328,4.5552
0.43549,4.5552
0.4377,4.5552
0.43991,4.5552
0.44212,4.5552
0.44433,4.5552
0.44654,4.5552
0.44875,4.5552
0.45096,4.5552
0.45317,4.5552
0.45538,4.5552
0.45759,4.5552
0.4598,4.5552
0.46201,4.5552
0.46422,4.5552
0.46643,4.5552
0.46864,4.5552
0.47085,4.5552
0.47306,4.5552
0.47527,4.5552
0.47748,4.5552
0.47969,4.5552
0.4819,4.5552
0.48411,4.5552
0.48632,4.5552
0.48853,4.5552
0.49074,4.5552
0.49295,4.5552
0.49516,4.5552
0.49737,4.5552
0.49958,4.5552
0.50179,4.5552
0.504,4.5552
0.50621,4.5552
0.50842,4.5552
0.51063,4.5552
0.51284,4.5552
0.51505,4.5552
0.51726,4.5552
0.51947,4.5552
0.52168,4.5552
0.52389,4.5552
0.5261,4.5552
0.52831,4.5552
0.53052,4.5552
0.53273,4.5552
0.53494,4.5552
0.53715,4.5552
0.53936,4.5552
0.54157,4.5552
0.54378,4.5552
0.54599,4.5601
0.5482,4.5601
0.55041,4.5601
0.55262,4.5601
0.55483,4.5601
0.55704,4.5601
0.55925,4.5601
0.56146,4.5601
0.56367,4.5601
0.56588,4.5601
0.56809,4.565
0.5703,4.5601
0.57251,4.5601
0.57472,4.565
0.57693,4.565
0.57914,4.565
0.58135,4.565
0.58356,4.565
0.58577,4.565
0.58798,4.565
0.59019,4.565
0.5924,4.565
0.59461,4.565
0.59682,4.565
0.59903,4.565
0.60124,4.565
0.60345,4.565
0.60566,4.565
0.60787,4.565
0.61008,4.565
0.61229,4.565
0.6145,4.565
0.61671,4.565
0.61892,4.565
0.62113,4.565
0.62334,4.565
0.62555,4.565
0.62776,4.565
0.62997,4.565
0.63218,4.565
0.63439,4.565
0.6366,4.565
0.63881,4.565
0.64102,4.565
0.64323,4.5699
0.64544,4.5699
0.64765,4.5699
0.64986,4.5699
0.65207,4.5699
0.65428,4.5699
0.65649,4.5699
0.6587,4.5699
0.66091,4.5699
0.66312,4.5699
0.66533,4.5699
0.66754,4.5699
0.66975,4.5699
0.67196,4.5699
0.67417,4.5699
0.67638,4.5699
0.67859,4.5699
0.6808,4.5699
0.68301,4.5748
0.68522,4.5748
0.68743,4.5748
0.68964,4.5748
0.69185,4.5748
0.69406,4.5748
0.69627,4.5748
0.69848,4.5748
0.70069,4.5748
0.7029,4.5748
0.70511,4.5748
0.70732,4.5748
0.70953,4.5748
0.71174,4.5748
0.71395,4.5748
0.71616,4.5748
0.71837,4.5748
0.72058,4.5748
0.72279,4.5748
0.725,4.5748
0.72721,4.5748
0.72942,4.5748
0.73163,4.5748
0.73384,4.5748
0.73605,4.5797
0.73826,4.5797
0.74047,4.5748
0.74268,4.5797
0.74489,4.5797
0.7471,4.5797
0.74931,4.5797
0.75152,4.5797
0.75373,4.5797
0.75594,4.5797
0.75815,4.5797
0.76036,4.5797
0.76257,4.5797
0.76478,4.5797
0.76699,4.5797
0.7692,4.5797
0.77141,4.5846
0.77362,4.5797
0.77583,4.5846
0.77804,4.5846
0.78025,4.5846
0.78246,4.5846
0.78467,4.5846
0.78688,4.5846
0.78909,4.5846
0.7913,4.5846
0.79351,4.5846
0.79572,4.5846
0.79793,4.5846
0.80014,4.5846
0.80235,4.5894
0.80456,4.5846
0.80677,4.5894
0.80898,4.5894
0.81119,4.5894
0.8134,4.5894
0.81561,4.5894
0.81782,4.5894
0.82003,4.5894
0.82224,4.5894
0.82445,4.5894
0.82666,4.5894
0.82887,4.5894
0.83108,4.5894
0.83329,4.5894
0.8355,4.5894
0.83771,4.5894
0.83992,4.5894
0.84213,4.5894
0.84434,4.5894
0.84655,4.5894
0.84876,4.5894
0.85097,4.5943
0.85318,4.5943
0.85539,4.5943
0.8576,4.5943
0.85981,4.5943
0.86202,4.5943
0.86423,4.5943
0.86644,4.5943
0.86865,4.5943
0.87086,4.5943
0.87307,4.5943
0.87528,4.5943
0.87749,4.5943
0.8797,4.5943
0.88191,4.5992
0.88412,4.5943
0.88633,4.5992
0.88854,4.5943
0.89075,4.5992
0.89296,4.5992
0.89517,4.5992
0.89738,4.5992
0.89959,4.5992
0.9018,4.5992
0.90401,4.5992
0.90622,4.5992
0.90843,4.5992
0.91064,4.5992
0.91285,4.5992
0.91506,4.5992
0.91727,4.5992
0.91948,4.6041
0.92169,4.6041
0.9239,4.6041
0.92611,4.6041
0.92832,4.6041
0.93053,4.6041
0.93274,4.6041
0.93495,4.6041
0.93716,4.6041
0.93937,4.609
0.94158,4.6041
0.94379,4.6041
0.946,4.6041
0.94821,4.609
0.95042,4.609
0.95263,4.609
0.95484,4.609
0.95705,4.609
0.95926,4.609
0.96147,4.609
0.96368,4.609
0.96589,4.609
0.9681,4.609
0.97031,4.609
0.97252,4.609
0.97473,4.609
0.97694,4.609
0.97915,4.609
0.98136,4.609
0.98357,4.6139
0.98578,4.6139
0.98799,4.6139
0.9902,4.6139
0.99241,4.6139
0.99462,4.6139
0.99683,4.6139
0.99913,4.6139
1.0015,4.6139
1.0039,4.6188
1.0063,4.6188
1.0086,4.6139
1.011,4.6188
1.0134,4.6188
1.0158,4.6188
1.0182,4.6188
1.0205,4.6188
1.0229,4.6188
1.0253,4.6188
1.0277,4.6188
1.0301,4.6188
1.0324,4.6188
1.0348,4.6188
1.0372,4.6188
1.0396,4.6188
1.042,4.6188
1.0443,4.6188
1.0467,4.6188
1.0491,4.6237
1.0515,4.6188
1.0539,4.6237
1.0562,4.6237
1.0586,4.6237
1.061,4.6237
1.0634,4.6237
1.0658,4.6237
1.0681,4.6237
1.0705,4.6237
1.0729,4.6237
1.0753,4.6237
1.0777,4.6237
1.08,4.6237
1.0824,4.6237
1.0848,4.6237
1.0872,4.6237
1.0896,4.6237
1.0919,4.6237
1.0943,4.6237
1.0967,4.6237
1.0991,4.6237
1.1015,4.6237
1.1038,4.6237
1.1062,4.6237
1.1086,4.6237
1.111,4.6237
1.1134,4.6237
1.1157,4.6237
1.1181,4.6237
1.1205,4.6237
1.1229,4.6237
1.1253,4.6237
1.1276,4.6237
1.13,4.6237
1.1324,4.6237
1.1348,4.6237
1.1372,4.6237
1.1395,4.6237
1.1419,4.6237
1.1443,4.6237
1.1467,4.6237
1.1491,4.6237
1.1514,4.6237
1.1538,4.6237
1.1562,4.6237
1.1586,4.6237
1.161,4.6237
1.1633,4.6237
1.1657,4.6237
1.1681,4.6237
1.1705,4.6237
1.1729,4.6237
1.1752,4.6237
1.1776,4.6237
1.18,4.6237
1.1824,4.6237
1.1848,4.6237
1.1871,4.6237
1.1895,4.6237
1.1919,4.6237
1.1943,4.6237
1.1967,4.6237
1.199,4.6237
1.2014,4.6237
1.2038,4.6237
1.2062,4.6237
1.2086,4.6237
1.2109,4.6237
1.2133,4.6237
1.2157,4.6237
1.2181,4.6237
1.2205,4.6237
1.2228,4.6237
1.2252,4.6237
1.2276,4.6237
1.23,4.6237
1.2324,4.6237
1.2347,4.6237
1.2371,4.6237
1.2395,4.6237
1.2419,4.6237
1.2443,4.6237
1.2466,4.6237
1.249,4.6237
1.2514,4.6237
1.2538,4.6237
1.2562,4.6237
1.2585,4.6237
1.2609,4.6237
1.2633,4.6237
1.2657,4.6237
1.2681,4.6237
1.2704,4.6237
1.2728,4.6237
1.2752,4.6237
1.2776,4.6285
1.28,4.6237
1.2823,4.6237
1.2847,4.6237
1.2871,4.6237
1.2895,4.6237
1.2919,4.6237
1.2942,4.6237
1.2966,4.6237
1.299,4.6237
1.3014,4.6237
1.3038,4.6237
1.3061,4.6237
1.3085,4.6237
1.3109,4.6237
1.3133,4.6237
1.3157,4.6237
1.318,4.6237
1.3204,4.6237
1.3228,4.6237
1.3252,4.6237
1.3276,4.6237
1.3299,4.6237
1.3323,4.6237
1.3347,4.6237
1.3371,4.6237
1.3395,4.6237
1.3418,4.6237
1.3442,4.6237
1.3466,4.6237
1.349,4.6237
1.3514,4.6237
1.3537,4.6237
1.3561,4.6237
1.3585,4.6237
1.3609,4.6237
1.3633,4.6237
1.3656,4.6237
1.368,4.6237
1.3704,4.6237
1.3728,4.6237
1.3752,4.6237
1.3775,4.6237
1.3799,4.6237
1.3823,4.6237
1.3847,4.6237
1.3871,4.6237
1.3894,4.6237
1.3918,4.6237
1.3942,4.6188
1.3966,4.6237
1.399,4.6237
1.4013,4.6237
1.4037,4.6188
1.4061,4.6188
1.4085,4.6237
1.4109,4.6237
1.4132,4.6237
1.4156,4.6188
1.418,4.6188
1.4204,4.6237
1.4228,4.6188
1.4251,4.6237
1.4275,4.6237
1.4299,4.6188
1.4323,4.6237
1.4347,4.6188
1.437,4.6188
1.4394,4.6188
1.4418,4.6188
1.4442,4.6188
1.4466,4.6188
1.4489,4.6188
1.4513,4.6188
1.4537,4.6188
1.4561,4.6188
1.4585,4.6188
1.4608,4.6188
1.4632,4.6188
1.4656,4.6188
1.468,4.6188
1.4704,4.6188
1.4727,4.6188
1.4751,4.6188
1.4775,4.6188
1.4799,4.6188
1.4823,4.6188
1.4846,4.6188
1.487,4.6188
1.4894,4.6188
1.4918,4.6188
1.4942,4.6188
1.4965,4.6188
1.4989,4.6188
1.5013,4.6188
1.5037,4.6188
1.5061,4.6188
1.5084,4.6188
1.5108,4.6188
1.5132,4.6188
1.5156,4.6188
1.518,4.6188
1.5203,4.6188
1.5227,4.6188
1.5251,4.6188
1.5275,4.6188
1.5299,4.6188
1.5322,4.6188
1.5346,4.6188
1.537,4.6188
1.5394,4.6188
1.5418,4.6188
1.5441,4.6188
1.5465,4.6188
1.5489,4.6188
1.5513,4.6188
1.5537,4.6188
1.556,4.6188
1.5584,4.6139
1.5608,4.6188
1.5632,4.6188
1.5656,4.6139
1.5679,4.6139
1.5703,4.6139
1.5727,4.6139
1.5751,4.6139
1.5775,4.6139
1.5798,4.6139
1.5822,4.6139
1.5846,4.6139
1.587,4.6139
1.5894,4.6139
1.5917,4.6139
1.5941,4.6139
1.5965,4.6139
1.5989,4.6139
1.6013,4.6139
1.6036,4.6139
1.606,4.6139
1.6084,4.6139
1.6108,4.6139
1.6132,4.6139
1.6155,4.6139
1.6179,4.6139
1.6203,4.6139
1.6227,4.6139
1.6251,4.6139
1.6274,4.6139
1.6298,4.6139
1.6322,4.6139
1.6346,4.6139
1.637,4.6139
1.6393,4.6139
1.6417,4.6139
1.6441,4.6139
1.6465,4.6139
1.6489,4.6139
1.6512,4.6139
1.6536,4.6139
1.656,4.6139
1.6584,4.6139
1.6608,4.6139
1.6631,4.6139
1.6655,4.6139
1.6679,4.6139
1.6703,4.6139
1.6727,4.6139
1.675,4.6139
1.6774,4.6139
1.6798,4.6139
1.6822,4.6139
1.6846,4.6139
1.6869,4.6139
1.6893,4.6139
1.6917,4.6139
1.6941,4.6139
1.6965,4.6139
1.6988,4.6139
1.7012,4.6139
1.7036,4.6139
1.706,4.6139
1.7084,4.6139
1.7107,4.6139
1.7131,4.6139
1.7155,4.6139
1.7179,4.6139
1.7203,4.6139
1.7226,4.6139
1.725,4.6139
1.7274,4.6139
1.7298,4.6139
1.7322,4.6139
1.7345,4.6139
1.7369,4.6139
1.7393,4.6139
1.7417,4.6139
1.7441,4.6139
1.7464,4.6139
1.7488,4.6139
1.7512,4.6139
1.7536,4.6139
1.756,4.6139
1.7583,4.6139
1.7607,4.6139
1.7631,4.6139
1.7655,4.6139
1.7679,4.6139
1.7702,4.6139
1.7726,4.6139
1.775,4.6139
1.7774,4.609
1.7798,4.6139
1.7821,4.6139
1.7845,4.609
1.7869,4.609
1.7893,4.609
1.7917,4.609
1.794,4.609
1.7964,4.609
1.7988,4.609
1.8012,4.609
1.8036,4.609
1.8059,4.609
1.8083,4.609
1.8107,4.609
1.8131,4.6041
1.8155,4.609
1.8178,4.6041
1.8202,4.6041
1.8226,4.6041
1.825,4.6041
1.8274,4.6041
1.8297,4.6041
1.8321,4.6041
1.8345,4.6041
1.8369,4.6041
1.8393,4.6041
1.8416,4.6041
1.844,4.6041
1.8464,4.6041
1.8488,4.6041
1.8512,4.6041
1.8535,4.5992
1.8559,4.5992
1.8583,4.5992
1.8607,4.5992
1.8631,4.5992
1.8654,4.5992
1.8678,4.5992
1.8702,4.5992
1.8726,4.5992
1.875,4.5992
1.8773,4.5992
1.8797,4.5992
1.8821,4.5992
1.8845,4.5992
1.8869,4.5943
1.8892,4.5943
1.8916,4.5943
1.894,4.5943
1.8964,4.5943
1.8988,4.5943
1.9011,4.5943
1.9035,4.5943
1.9059,4.5943
1.9083,4.5943
1.9107,4.5943
1.913,4.5943
1.9154,4.5943
1.9178,4.5943
1.9202,4.5894
1.9226,4.5894
1.9249,4.5894
1.9273,4.5894
1.9297,4.5894
1.9321,4.5894
1.9345,4.5894
1.9368,4.5894
1.9392,4.5894
1.9416,4.5846
1.944,4.5846
1.9464,4.5846
1.9487,4.5846
1.9511,4.5846
1.9535,4.5846
1.9559,4.5846
1.9583,4.5846
1.9606,4.5846
1.963,4.5846
1.9654,4.5846
1.9678,4.5846
1.9702,4.5846
1.9725,4.5846
1.9749,4.5797
1.9773,4.5797
1.9797,4.5797
1.9821,4.5797
1.9844,4.5797
1.9868,4.5797
1.9892,4.5797
1.9916,4.5797
1.994,4.5797
1.9963,4.5797
1.9987,4.5748
2.0011,4.5748
2.0035,4.5748
2.0059,4.5748
2.0082,4.5748
2.0106,4.5748
2.013,4.5748
2.0154,4.5748
2.0178,4.5748
2.0201,4.5748
2.0225,4.5748
2.0249,4.5748
2.0273,4.5748
2.0297,4.5748
2.032,4.5748
2.0344,4.5748
2.0368,4.5748
2.0392,4.5699
2.0416,4.5699
2.0439,4.5699
2.0463,4.5699
2.0487,4.5699
2.0511,4.5699
2.0535,4.5699
2.0558,4.5699
2.0582,4.565
2.0606,4.565
2.063,4.565
2.0654,4.565
2.0677,4.565
2.0701,4.565
2.0725,4.565
2.0749,4.565
2.0773,4.565
2.0796,4.565
2.082,4.565
2.0844,4.5601
2.0868,4.565
2.0892,4.5601
2.0915,4.565
2.0939,4.565
2.0963,4.5601
2.0987,4.5601
2.1011,4.5601
2.1034,4.5601
2.1058,4.5601
2.1082,4.5601
2.1106,4.5601
2.113,4.5601
2.1153,4.5601
2.1177,4.5601
2.1201,4.5601
2.1225,4.5601
2.1249,4.5601
2.1272,4.5601
2.1296,4.5601
2.132,4.5601
2.1344,4.5601
2.1368,4.5601
2.1391,4.5552
2.1415,4.5552
2.1439,4.5552
2.1463,4.5552
2.1487,4.5552
2.151,4.5552
2.1534,4.5552
2.1558,4.5552
2.1582,4.5552
2.1606,4.5552
2.1629,4.5552
2.1653,4.5552
2.1677,4.5552
2.1701,4.5552
2.1725,4.5552
2.1748,4.5552
2.1772,4.5552
2.1796,4.5552
2.182,4.5552
2.1844,4.5552
2.1867,4.5503
2.1891,4.5552
2.1915,4.5552
2.1939,4.5552
2.1963,4.5503
2.1986,4.5503
2.201,4.5503
2.2034,4.5503
2.2058,4.5503
2.2082,4.5503
2.2105,4.5503
2.2129,4.5503
2.2153,4.5503
2.2177,4.5503
2.2201,4.5503
2.2224,4.5503
2.2248,4.5503
2.2272,4.5503
2.2296,4.5503
2.232,4.5503
2.2343,4.5503
2.2367,4.5503
2.2391,4.5503
2.2415,4.5503
2.2439,4.5503
2.2462,4.5503
2.2486,4.5503
2.251,4.5503
2.2534,4.5503
2.2558,4.5503
2.2581,4.5503
2.2605,4.5503
2.2629,4.5503
2.2653,4.5503
2.2677,4.5503
2.27,4.5503
2.2724,4.5503
2.2748,4.5503
2.2772,4.5503
2.2796,4.5503
2.2819,4.5503
2.2843,4.5503
2.2867,4.5503
2.2891,4.5503
2.2915,4.5503
2.2938,4.5503
2.2962,4.5503
2.2986,4.5503
2.301,4.5503
2.3034,4.5503
2.3057,4.5503
2.3081,4.5503
2.3105,4.5552
2.3129,4.5503
2.3153,4.5503
2.3176,4.5503
2.32,4.5503
2.3224,4.5503
2.3248,4.5503
2.3272,4.5503
2.3295,4.5503
2.3319,4.5503
2.3343,4.5503
2.3367,4.5503
2.3391,4.5503
2.3414,4.5503
2.3438,4.5503
2.3462,4.5503
2.3486,4.5503
2.351,4.5503
2.3533,4.5503
2.3557,4.5503
2.3581,4.5503
2.3605,4.5503
2.3629,4.5503
2.3652,4.5503
2.3676,4.5503
2.37,4.5503
2.3724,4.5503
2.3748,4.5503
2.3771,4.5503
2.3795,4.5503
2.3819,4.5503
2.3843,4.5503
2.3867,4.5503
2.389,4.5503
2.3914,4.5503
2.3938,4.5503
2.3962,4.5503
2.3986,4.5503
2.4009,4.5503
2.4033,4.5503
2.4057,4.5503
2.4081,4.5503
2.4105,4.5503
2.4128,4.5503
2.4152,4.5503
2.4176,4.5503
2.42,4.5503
2.4224,4.5503
2.4247,4.5503
2.4271,4.5503
2.4295,4.5503
2.4319,4.5503
2.4343,4.5503
2.4366,4.5503
2.439,4.5503
2.4414,4.5503
2.4438,4.5503
2.4462,4.5503
2.4485,4.5503
2.4509,4.5503
2.4533,4.5503
2.4557,4.5503
2.4581,4.5503
2.4604,4.5503
2.4628,4.5503
2.4652,4.5503
2.4676,4.5503
2.47,4.5503
2.4723,4.5503
2.4747,4.5503
2.4771,4.5503
2.4795,4.5503
2.4819,4.5503
2.4842,4.5503
2.4866,4.5503
2.489,4.5503
2.4914,4.5503
2.4938,4.5503
2.4961,4.5503
2.4985,4.5503
2.5009,4.5503
2.5033,4.5503
2.5057,4.5503
2.508,4.5503
2.5104,4.5503
2.5128,4.5503
2.5152,4.5503
2.5176,4.5503
2.5199,4.5503
2.5223,4.5503
2.5247,4.5503
2.5271,4.5503
2.5295,4.5503
2.5318,4.5503
2.5342,4.5503
2.5366,4.5503
2.539,4.5503
2.5414,4.5503
2.5437,4.5503
2.5461,4.5503
2.5485,4.5503
2.5509,4.5503
2.5533,4.5503
2.5556,4.5503
2.558,4.5503
2.5604,4.5503
2.5628,4.5503
2.5652,4.5503
2.5675,4.5503
2.5699,4.5503
2.5723,4.5503
2.5747,4.5503
2.5771,4.5503
2.5794,4.5503
2.5818,4.5503
2.5842,4.5503
2.5866,4.5503
2.589,4.5503
2.5913,4.5503
2.5937,4.5503
2.5961,4.5503
2.5985,4.5503
2.6009,4.5503
2.6032,4.5503
2.6056,4.5503
2.608,4.5503
2.6104,4.5503
2.6128,4.5503
2.6151,4.5503
2.6175,4.5503
2.6199,4.5503
2.6223,4.5503
2.6247,4.5503
2.627,4.5503
2.6294,4.5503
2.6318,4.5503
2.6342,4.5503
2.6366,4.5503
2.6389,4.5503
2.6413,4.5503
2.6437,4.5503
2.6461,4.5503
2.6485,4.5503
2.6508,4.5503
2.6532,4.5503
2.6556,4.5503
2.658,4.5503
2.6604,4.5503
2.6627,4.5503
2.6651,4.5503
2.6675,4.5503
2.6699,4.5503
2.6723,4.5503
2.6746,4.5503
2.677,4.5503
2.6794,4.5503
2.6818,4.5503
2.6842,4.5503
2.6865,4.5503
2.6889,4.5503
2.6913,4.5503
2.6937,4.5503
2.6961,4.5503
2.6984,4.5503
2.7008,4.5503
2.7032,4.5503
2.7056,4.5503
2.708,4.5503
2.7103,4.5503
2.7127,4.5503
2.7151,4.5503
2.7175,4.5503
2.7199,4.5503
2.7222,4.5503
2.7246,4.5503
2.727,4.5503
2.7294,4.5503
2.7318,4.5503
2.7341,4.5503
2.7365,4.5503
2.7389,4.5503
2.7413,4.5503
2.7437,4.5503
2.746,4.5503
2.7484,4.5503
2.7508,4.5503
2.7532,4.5503
2.7556,4.5503
2.7579,4.5503
2.7603,4.5503
2.7627,4.5503
2.7651,4.5503
2.7675,4.5503
2.7698,4.5503
2.7722,4.5503
2.7746,4.5503
2.777,4.5503
2.7794,4.5503
2.7817,4.5503
2.7841,4.5503
2.7865,4.5503
2.7889,4.5503
2.7913,4.5503
2.7936,4.5503
2.796,4.5503
2.7984,4.5503
2.8008,4.5503
2.8032,4.5503
2.8055,4.5503
2.8079,4.5503
2.8103,4.5503
2.8127,4.5503
2.8151,4.5503
2.8174,4.5503
2.8198,4.5503
2.8222,4.5503
2.8246,4.5503
2.827,4.5503
2.8293,4.5503
2.8317,4.5503
2.8341,4.5503
2.8365,4.5503
2.8389,4.5503
2.8412,4.5503
2.8436,4.5503
2.846,4.5503
2.8484,4.5503
2.8508,4.5503
2.8531,4.5503
2.8555,4.5503
2.8579,4.5503
2.8603,4.5503
2.8627,4.5503
2.865,4.5503
2.8674,4.5503
2.8698,4.5503
2.8722,4.5503
2.8746,4.5503
2.8769,4.5503
2.8793,4.5503
2.8817,4.5503
2.8841,4.5503
2.8865,4.5503
2.8888,4.5503
2.8912,4.5503
2.8936,4.5503
2.896,4.5503
2.8984,4.5503
2.9007,4.5503
2.9031,4.5503
2.9055,4.5503
2.9079,4.5503
2.9103,4.5503
2.9126,4.5503
2.915,4.5503
2.9174,4.5503
2.9198,4.5503
2.9222,4.5503
2.9245,4.5503
2.9269,4.5503
2.9293,4.5503
2.9317,4.5503
2.9341,4.5503
2.9364,4.5503
2.9388,4.5503
2.9412,4.5503
2.9436,4.5503
2.946,4.5503
2.9483,4.5503
2.9507,4.5503
2.9531,4.5503
2.9555,4.5503
2.9579,4.5503
2.9602,4.5503
2.9626,4.5503
2.965,4.5503
2.9674,4.5503
2.9698,4.5503
2.9721,4.5503
2.9745,4.5503
2.9769,4.5503
2.9793,4.5503
2.9817,4.5503
2.984,4.5503
2.9864,4.5503
2.9888,4.5503
2.9912,4.5503
2.9936,4.5503
2.9959,4.5503
2.9983,4.5503
3.0007,4.5503
3.0031,4.5503
3.0055,4.5503
3.0078,4.5503
3.0102,4.5503
3.0126,4.5503
3.015,4.5503
3.0174,4.5503
3.0197,4.5503
3.0221,4.5503
3.0245,4.5503
3.0269,4.5503
3.0293,4.5503
3.0316,4.5503
3.034,4.5503
3.0364,4.5503
3.0388,4.5503
3.0412,4.5503
3.0435,4.5503
3.0459,4.5503
3.0483,4.5503
3.0507,4.5503
3.0531,4.5503
3.0554,4.5503
3.0578,4.5503
3.0602,4.5503
3.0626,4.5503
3.065,4.5503
3.0673,4.5503
3.0697,4.5503
3.0721,4.5503
3.0745,4.5503
3.0769,4.5503
3.0792,4.5503
3.0816,4.5503
3.084,4.5503
3.0864,4.5503
3.0888,4.5503
3.0911,4.5503
3.0935,4.5503
3.0959,4.5503
3.0983,4.5503
3.1007,4.5503
3.103,4.5503
3.1054,4.5503
3.1078,4.5503
3.1102,4.5503
3.1126,4.5503
3.1149,4.5503
3.1173,4.5503
3.1197,4.5503
3.1221,4.5503
3.1245,4.5503
3.1268,4.5503
3.1292,4.5503
3.1316,4.5503
3.134,4.5503
3.1364,4.5503
3.1387,4.5503
3.1411,4.5503
3.1435,4.5503
3.1459,4.5503
3.1483,4.5552
3.1506,4.5503
3.153,4.5503
3.1554,4.5552
3.1578,4.5552
3.1602,4.5552
3.1625,4.5552
3.1649,4.5552
3.1673,4.5552
3.1697,4.5552
3.1721,4.5552
3.1744,4.5552
3.1768,4.5552
3.1792,4.5552
3.1816,4.5552
3.184,4.5552
3.1863,4.5552
3.1887,4.5552
3.1911,4.5552
3.1935,4.5552
3.1959,4.5552
3.1982,4.5552
3.2006,4.5552
3.203,4.5552
3.2054,4.5552
3.2078,4.5552
3.2101,4.5552
3.2125,4.5601
3.2149,4.5601
3.2173,4.5601
3.2197,4.5601
3.222,4.5601
3.2244,4.5601
3.2268,4.5601
3.2292,4.5601
3.2316,4.5601
3.2339,4.5601
3.2363,4.5601
3.2387,4.5601
3.2411,4.5601
3.2435,4.5601
3.2458,4.5601
3.2482,4.5601
3.2506,4.5601
3.253,4.5601
3.2554,4.565
3.2577,4.565
3.2601,4.565
3.2625,4.565
3.2649,4.565
3.2673,4.565
3.2696,4.565
3.272,4.565
3.2744,4.565
3.2768,4.565
3.2792,4.565
3.2815,4.565
3.2839,4.565
3.2863,4.565
3.2887,4.565
3.2911,4.565
3.2934,4.565
3.2958,4.5699
3.2982,4.5699
3.3006,4.5699
3.303,4.5699
3.3053,4.5699
3.3077,4.5699
3.3101,4.5699
3.3125,4.5699
3.3149,4.5699
3.3172,4.5699
3.3196,4.5699
3.322,4.5699
3.3244,4.5699
3.3268,4.5699
3.3291,4.5699
3.3315,4.5699
3.3339,4.5699
3.3363,4.5699
3.3387,4.5748
3.341,4.5748
3.3434,4.5748
3.3458,4.5748
3.3482,4.5748
3.3506,4.5748
3.3529,4.5748
3.3553,4.5748
3.3577,4.5748
3.3601,4.5748
3.3625,4.5748
3.3648,4.5748
3.3672,4.5748
3.3696,4.5748
3.372,4.5748
3.3744,4.5748
3.3767,4.5748
3.3791,4.5748
3.3815,4.5748
3.3839,4.5748
3.3863,4.5748
3.3886,4.5797
3.391,4.5797
3.3934,4.5797
3.3958,4.5797
3.3982,4.5797
3.4005,4.5797
3.4029,4.5797
3.4053,4.5797
3.4077,4.5797
3.4101,4.5797
3.4124,4.5797
3.4148,4.5797
3.4172,4.5797
3.4196,4.5797
3.422,4.5797
3.4243,4.5797
3.4267,4.5797
3.4291,4.5797
3.4315,4.5846
3.4339,4.5797
3.4362,4.5846
3.4386,4.5846
3.441,4.5797
3.4434,4.5797
3.4458,4.5846
3.4481,4.5846
3.4505,4.5846
3.4529,4.5846
3.4553,4.5846
3.4577,4.5846
3.46,4.5846
3.4624,4.5846
3.4648,4.5846
3.4672,4.5846
3.4696,4.5846
3.4719,4.5846
3.4743,4.5846
3.4767,4.5846
3.4791,4.5846
3.4815,4.5846
3.4838,4.5846
3.4862,4.5846
3.4886,4.5846
3.491,4.5846
3.4934,4.5846
3.4957,4.5846
3.4981,4.5846
3.5005,4.5846
3.5029,4.5894
3.5053,4.5846
3.5076,4.5894
3.51,4.5894
3.5124,4.5894
3.5148,4.5894
3.5172,4.5846
3.5195,4.5894
3.5219,4.5894
3.5243,4.5894
3.5267,4.5894
3.5291,4.5894
3.5314,4.5894
3.5338,4.5894
3.5362,4.5894
3.5386,4.5894
3.541,4.5894
3.5433,4.5894
3.5457,4.5943
3.5481,4.5894
3.5505,4.5894
3.5529,4.5894
3.5552,4.5894
3.5576,4.5894
3.56,4.5943
3.5624,4.5943
3.5648,4.5943
3.5671,4.5943
3.5695,4.5943
3.5719,4.5943
3.5743,4.5943
3.5767,4.5943
3.579,4.5943
3.5814,4.5943
3.5838,4.5943
3.5862,4.5943
3.5886,4.5943
3.5909,4.5943
3.5933,4.5943
3.5957,4.5943
3.5981,4.5943
3.6005,4.5943
3.6028,4.5992
3.6052,4.5943
3.6076,4.5943
3.61,4.5992
3.6124,4.5992
3.6147,4.5992
3.6171,4.5992
3.6195,4.5992
3.6219,4.5992
3.6243,4.5992
3.6266,4.5992
3.629,4.5992
3.6314,4.5992
3.6338,4.5992
3.6362,4.5992
3.6385,4.5992
3.6409,4.5992
3.6433,4.5992
3.6457,4.5992
3.6481,4.5992
3.6504,4.5992
3.6528,4.5992
3.6552,4.5992
3.6576,4.5992
3.66,4.5992
3.6623,4.5992
3.6647,4.5992
3.6671,4.5992
3.6695,4.5992
3.6719,4.5992
3.6742,4.5992
3.6766,4.6041
3.679,4.5992
3.6814,4.5992
3.6838,4.6041
3.6861,4.6041
3.6885,4.6041
3.6909,4.6041
3.6933,4.6041
3.6957,4.6041
3.698,4.6041
3.7004,4.6041
3.7028,4.6041
3.7052,4.6041
3.7076,4.6041
3.7099,4.6041
3.7123,4.6041
3.7147,4.6041
3.7171,4.6041
3.7195,4.6041
3.7218,4.6041
3.7242,4.6041
3.7266,4.6041
3.729,4.6041
3.7314,4.6041
3.7337,4.6041
3.7361,4.6041
3.7385,4.609
3.7409,4.609
3.7433,4.609
3.7456,4.609
3.748,4.609
3.7504,4.609
3.7528,4.609
3.7552,4.609
3.7575,4.609
3.7599,4.609
3.7623,4.609
3.7647,4.609
3.7671,4.609
3.7694,4.609
3.7718,4.609
3.7742,4.609
3.7766,4.609
3.779,4.609
3.7813,4.609
3.7837,4.609
3.7861,4.609
3.7885,4.609
3.7909,4.609
3.7932,4.609
3.7956,4.609
3.798,4.609
3.8004,4.609
3.8028,4.609
3.8051,4.609
3.8075,4.6139
3.8099,4.609
3.8123,4.609
3.8147,4.609
3.817,4.609
3.8194,4.609
3.8218,4.609
3.8242,4.609
3.8266,4.609
3.8289,4.609
3.8313,4.6139
3.8337,4.6139
3.8361,4.6139
3.8385,4.6139
3.8408,4.6139
3.8432,4.6139
3.8456,4.6139
3.848,4.6139
3.8504,4.6139
3.8527,4.6139
3.8551,4.6139
3.8575,4.6139
3.8599,4.6139
3.8623,4.6139
3.8646,4.6139
3.867,4.6139
3.8694,4.6139
3.8718,4.6139
3.8742,4.6139
3.8765,4.6188
3.8789,4.6139
3.8813,4.6139
3.8837,4.6188
3.8861,4.6139
3.8884,4.6188
3.8908,4.6188
3.8932,4.6188
3.8956,4.6188
3.898,4.6188
3.9003,4.6188
3.9027,4.6188
3.9051,4.6188
3.9075,4.6188
3.9099,4.6188
3.9122,4.6188
3.9146,4.6188
3.917,4.6188
3.9194,4.6188
3.9218,4.6188
3.9241,4.6188
3.9265,4.6188
3.9289,4.6237
3.9313,4.6237
3.9337,4.6237
3.936,4.6237
3.9384,4.6237
3.9408,4.6237
3.9432,4.6237
3.9456,4.6237
3.9479,4.6237
3.9503,4.6237
3.9527,4.6237
3.9551,4.6237
3.9575,4.6285
3.9598,4.6285
3.9622,4.6237
3.9646,4.6285
3.967,4.6285
3.9694,4.6285
3.9717,4.6285
3.9741,4.6285
3.9765,4.6285
3.9789,4.6285
3.9813,4.6285
3.9836,4.6285
3.986,4.6285
3.9884,4.6285
3.9908,4.6285
3.9932,4.6285
3.9955,4.6285
3.9979,4.6285
4.0003,4.6285
4.0027,4.6285
4.0051,4.6285
4.0074,4.6285
4.0098,4.6285
4.0122,4.6285
4.0146,4.6285
4.017,4.6334
4.0193,4.6334
4.0217,4.6285
4.0241,4.6285
4.0265,4.6334
4.0289,4.6285
4.0312,4.6334
4.0336,4.6334
4.036,4.6334
4.0384,4.6334
4.0408,4.6334
4.0431,4.6334
4.0455,4.6334
4.0479,4.6334
4.0503,4.6334
4.0527,4.6334
4.055,4.6334
4.0574,4.6334
4.0598,4.6334
4.0622,4.6334
4.0646,4.6334
4.0669,4.6334
4.0693,4.6334
4.0717,4.6334
4.0741,4.6334
4.0765,4.6334
4.0788,4.6334
4.0812,4.6334
4.0836,4.6383
4.086,4.6383
4.0884,4.6334
4.0907,4.6334
4.0931,4.6383
4.0955,4.6334
4.0979,4.6383
4.1003,4.6383
4.1026,4.6383
4.105,4.6383
4.1074,4.6383
4.1098,4.6383
4.1122,4.6383
4.1145,4.6383
4.1169,4.6383
4.1193,4.6383
4.1217,4.6383
4.1241,4.6383
4.1264,4.6383
4.1288,4.6383
4.1312,4.6383
4.1336,4.6383
4.136,4.6383
4.1383,4.6383
4.1407,4.6383
4.1431,4.6383
4.1455,4.6383
4.1479,4.6383
4.1502,4.6383
4.1526,4.6383
4.155,4.6383
4.1574,4.6383
4.1598,4.6383
4.1621,4.6383
4.1645,4.6383
4.1669,4.6383
4.1693,4.6383
4.1717,4.6383
4.174,4.6383
4.1764,4.6383
4.1788,4.6383
4.1812,4.6383
4.1836,4.6383
4.1859,4.6383
4.1883,4.6383
4.1907,4.6383
4.1931,4.6383
4.1955,4.6383
4.1978,4.6383
4.2002,4.6334
4.2026,4.6383
4.205,4.6383
4.2074,4.6383
4.2097,4.6383
4.2121,4.6383
4.2145,4.6383
4.2169,4.6383
4.2193,4.6383
4.2216,4.6383
4.224,4.6383
4.2264,4.6383
4.2288,4.6383
4.2312,4.6383
4.2335,4.6383
4.2359,4.6383
4.2383,4.6334
4.2407,4.6383
4.2431,4.6383
4.2454,4.6383
4.2478,4.6383
4.2502,4.6383
4.2526,4.6383
4.255,4.6383
4.2573,4.6383
4.2597,4.6383
4.2621,4.6383
4.2645,4.6383
4.2669,4.6334
4.2692,4.6383
4.2716,4.6383
4.274,4.6334
4.2764,4.6383
4.2788,4.6383
4.2811,4.6334
4.2835,4.6383
4.2859,4.6383
4.2883,4.6383
4.2907,4.6383
4.293,4.6383
4.2954,4.6334
4.2978,4.6383
4.3002,4.6383
4.3026,4.6383
4.3049,4.6383
4.3073,4.6383
4.3097,4.6334
4.3121,4.6383
4.3145,4.6334
4.3168,4.6383
4.3192,4.6334
4.3216,4.6334
4.324,4.6334
4.3264,4.6383
4.3287,4.6334
4.3311,4.6334
4.3335,4.6334
4.3359,4.6334
4.3383,4.6334
4.3406,4.6334
4.343,4.6334
4.3454,4.6334
4.3478,4.6383
4.3502,4.6383
4.3525,4.6334
4.3549,4.6334
4.3573,4.6334
4.3597,4.6334
4.3621,4.6334
4.3644,4.6334
4.3668,4.6334
4.3692,4.6334
4.3716,4.6334
4.374,4.6334
4.3763,4.6334
4.3787,4.6334
4.3811,4.6334
4.3835,4.6334
4.3859,4.6334
4.3882,4.6334
4.3906,4.6334
4.393,4.6334
4.3954,4.6334
4.3978,4.6334
4.4001,4.6334
4.4025,4.6334
4.4049,4.6334
4.4073,4.6334
4.4097,4.6334
4.412,4.6334
4.4144,4.6334
4.4168,4.6334
4.4192,4.6334
4.4216,4.6334
4.4239,4.6334
4.4263,4.6334
4.4287,4.6334
4.4311,4.6334
4.4335,4.6334
4.4358,4.6334
4.4382,4.6285
4.4406,4.6285
4.443,4.6285
4.4454,4.6285
4.4477,4.6285
4.4501,4.6285
4.4525,4.6285
4.4549,4.6334
4.4573,4.6285
4.4596,4.6334
4.462,4.6285
4.4644,4.6285
4.4668,4.6285
4.4692,4.6285
4.4715,4.6285
4.4739,4.6285
4.4763,4.6285
4.4787,4.6285
4.4811,4.6285
4.4834,4.6285
4.4858,4.6285
4.4882,4.6285
4.4906,4.6285
4.493,4.6285
4.4953,4.6285
4.4977,4.6285
4.5001,4.6285
4.5025,4.6285
4.5049,4.6285
4.5072,4.6285
4.5096,4.6285
4.512,4.6285
4.5144,4.6285
4.5168,4.6285
4.5191,4.6285
4.5215,4.6285
4.5239,4.6285
4.5263,4.6285
4.5287,4.6285
4.531,4.6285
4.5334,4.6285
4.5358,4.6285
4.5382,4.6285
4.5406,4.6285
4.5429,4.6285
4.5453,4.6285
4.5477,4.6285
4.5501,4.6285
4.5525,4.6285
4.5548,4.6285
4.5572,4.6285
4.5596,4.6237
4.562,4.6237
4.5644,4.6285
4.5667,4.6285
4.5691,4.6237
4.5715,4.6285
4.5739,4.6285
4.5763,4.6237
4.5786,4.6237
4.581,4.6237
4.5834,4.6237
4.5858,4.6237
4.5882,4.6237
4.5905,4.6237
4.5929,4.6237
4.5953,4.6237
4.5977,4.6237
4.6001,4.6237
4.6024,4.6237
4.6048,4.6188
4.6072,4.6237
4.6096,4.6188
4.612,4.6188
4.6143,4.6188
4.6167,4.6188
4.6191,4.6188
4.6215,4.6188
4.6239,4.6188
4.6262,4.6188
4.6286,4.6188
4.631,4.6188
4.6334,4.6139
4.6358,4.6188
4.6381,4.6188
4.6405,4.6188
4.6429,4.6188
4.6453,4.6139
4.6477,4.6139
4.65,4.6188
4.6524,4.6139
4.6548,4.6139
4.6572,4.6139
4.6596,4.6139
4.6619,4.6139
4.6643,4.6139
4.6667,4.6139
4.6691,4.6139
4.6715,4.6139
4.6738,4.6139
4.6762,4.609
4.6786,4.609
4.681,4.609
4.6834,4.6139
4.6857,4.609
4.6881,4.609
4.6905,4.609
4.6929,4.609
4.6953,4.609
4.6976,4.609
4.7,4.609
4.7024,4.609
4.7048,4.609
4.7072,4.609
4.7095,4.609
4.7119,4.609
4.7143,4.609
4.7167,4.609
4.7191,4.6041
4.7214,4.6041
4.7238,4.6041
4.7262,4.6041
4.7286,4.6041
4.731,4.6041
4.7333,4.6041
4.7357,4.6041
4.7381,4.6041
4.7405,4.6041
4.7429,4.6041
4.7452,4.6041
4.7476,4.5992
4.75,4.5992
4.7524,4.5992
4.7548,4.5992
4.7571,4.5992
4.7595,4.5992
4.7619,4.5992
4.7643,4.5992
4.7667,4.5992
4.769,4.5992
4.7714,4.5992
4.7738,4.5992
4.7762,4.5992
4.7786,4.5992
4.7809,4.5992
4.7833,4.5992
4.7857,4.5943
4.7881,4.5943
4.7905,4.5992
4.7928,4.5943
4.7952,4.5943
4.7976,4.5943
4.8,4.5943
4.8024,4.5943
4.8047,4.5943
4.8071,4.5943
4.8095,4.5943
4.8119,4.5943
4.8143,4.5943
4.8166,4.5943
4.819,4.5943
4.8214,4.5943
4.8238,4.5943
4.8262,4.5894
4.8285,4.5894
4.8309,4.5894
4.8333,4.5894
4.8357,4.5894
4.8381,4.5894
4.8404,4.5894
4.8428,4.5894
4.8452,4.5894
4.8476,4.5894
4.85,4.5894
4.8523,4.5894
4.8547,4.5894
4.8571,4.5894
4.8595,4.5894
4.8619,4.5846
4.8642,4.5846
4.8666,4.5846
4.869,4.5846
4.8714,4.5846
4.8738,4.5846
4.8761,4.5846
4.8785,4.5846
4.8809,4.5846
4.8833,4.5846
4.8857,4.5846
4.888,4.5846
4.8904,4.5797
4.8928,4.5846
4.8952,4.5797
4.8976,4.5797
4.8999,4.5797
4.9023,4.5797
4.9047,4.5797
4.9071,4.5797
4.9095,4.5797
4.9118,4.5797
4.9142,4.5797
4.9166,4.5797
4.919,4.5748
4.9214,4.5797
4.9237,4.5748
4.9261,4.5748
4.9285,4.5748
4.9309,4.5748
4.9333,4.5748
4.9356,4.5748
4.938,4.5748
4.9404,4.5748
4.9428,4.5748
4.9452,4.5748
4.9475,4.5748
4.9499,4.5748
4.9523,4.5748
4.9547,4.5748
4.9571,4.5748
4.9594,4.5699
4.9618,4.5699
4.9642,4.5699
4.9666,4.5699
4.969,4.5699
4.9713,4.5699
4.9737,4.5699
4.9761,4.5699
4.9785,4.5699
4.9809,4.5699
4.9832,4.5699
4.9856,4.565
4.988,4.5699
4.9904,4.5699
4.9928,4.5699
4.9951,4.5699
4.9975,4.5699
4.9999,4.565
5.0023,4.565
